209
7
1.952032e+02,1.400923e+01,6.642571e+01,6.617309e+00,4.188489e+00,1.838442e+00,1.577571e+00
7.059126e+01,8.248428e+01,4.748467e+01,5.134143e+00,3.509373e+00,6.138203e-01,4.499687e-01
2.592341e+01,1.170089e+01,3.740589e+01,8.554507e+00,5.845821e+00,1.923009e+00,1.181482e+00
3.151829e+01,8.749038e+00,2.085771e+01,5.733053e+00,3.725576e+00,1.009697e+00,1.445622e+00
2.169212e+01,1.075372e+02,1.524899e+02,3.426776e+00,2.483626e+00,1.989635e+00,2.513246e+00
6.196542e+01,1.932099e+02,1.591110e+02,2.008963e+00,1.430660e+00,2.281351e+00,3.156374e-02
8.327554e+01,1.119929e+02,1.187314e+02,6.716548e+00,4.588663e+00,1.405926e+00,1.854897e+00
3.993901e+01,1.534418e+02,1.927934e+02,8.935111e+00,5.940661e+00,5.488980e-01,2.884311e+00
1.751925e+02,1.458271e+02,1.878433e+02,9.720894e+00,6.211959e+00,3.121570e+00,1.815594e+00
3.769335e+01,6.153470e+01,1.370042e+02,7.059375e+00,4.432148e+00,1.978853e+00,3.590508e-02
7.206866e+01,3.931396e+01,1.893837e+02,2.139719e+00,1.462967e+00,2.567481e+00,1.171221e+00
7.212561e+01,7.262881e+01,1.378063e+02,4.208863e+00,2.821265e+00,3.125913e+00,9.389363e-01
8.130971e+01,1.374883e+02,1.335998e+02,3.814316e+00,2.903317e+00,1.600477e+00,7.252691e-01
1.230028e+02,7.136904e+01,1.494828e+02,3.530722e+00,2.391781e+00,8.687586e-01,2.351969e+00
1.165343e+02,8.085303e+01,1.236929e+02,5.159226e+00,3.592894e+00,2.851341e+00,1.810856e+00
1.309564e+02,3.510515e+00,1.599023e+02,2.855118e+00,1.845143e+00,1.137677e+00,2.635859e+00
1.688139e+02,1.863644e+01,9.844177e+00,4.818230e+00,3.014858e+00,2.870923e+00,2.039999e-01
3.366660e+01,9.166274e+01,1.206672e+02,6.737128e+00,4.275835e+00,1.785343e-01,2.994284e+00
7.899904e+01,1.818434e+02,2.042074e+01,3.821713e+00,2.305607e+00,1.683443e+00,1.921841e+00
3.343946e+01,1.777326e+02,9.345697e+01,7.266311e+00,4.844061e+00,2.627898e-03,1.726500e+00
1.744991e+02,1.251318e+02,1.660497e+02,5.488746e+00,3.341361e+00,5.831297e-01,2.140797e+00
1.442729e+02,5.914718e+01,1.403667e+02,5.921156e+00,3.501673e+00,2.810274e+00,1.433618e+00
1.304421e+02,1.669334e+02,8.473081e+01,3.036670e+00,2.055587e+00,7.738545e-01,1.854475e+00
1.772234e+02,7.362984e+01,9.917958e+01,5.573899e+00,3.695744e+00,1.556919e+00,5.974117e-01
3.314881e+01,1.307191e+02,5.644537e+01,6.160719e+00,3.794134e+00,8.488517e-01,8.138777e-01
4.409532e+01,1.154546e+02,1.433356e+02,7.117546e+00,5.210640e+00,2.429670e+00,6.076935e-01
5.617147e+01,1.723437e+02,1.562995e+02,6.747538e+00,4.238439e+00,5.498798e-01,2.088423e+00
1.015070e+02,1.857032e+02,1.724450e+02,3.042284e+00,2.320703e+00,3.671896e-01,1.223215e+00
6.384891e+01,1.641041e+02,7.024050e+01,5.994372e+00,3.980408e+00,1.984617e+00,1.192294e+00
1.766574e+02,1.252060e+02,3.986570e+01,6.197440e+00,5.222837e+00,1.486763e+00,3.067862e+00
1.701042e+02,8.345319e+01,1.622158e+02,2.578425e+00,1.788807e+00,1.168696e+00,1.731340e+00
1.227705e+02,1.187092e+02,1.305097e+02,4.689462e+00,2.925017e+00,2.110696e+00,2.485417e+00
1.252376e+01,9.386409e+01,9.505511e+01,3.268238e+00,2.154686e+00,8.922217e-01,3.090966e-01
1.111219e+02,6.270071e+01,6.175342e+01,7.736884e+00,5.380668e+00,7.137191e-01,2.715484e+00
7.650880e+01,1.710203e+02,1.709152e+02,2.172800e+00,1.641334e+00,1.199741e+00,9.137072e-01
9.402817e+00,1.071532e+01,1.339523e+02,4.727953e+00,3.293710e+00,2.938397e+00,9.024116e-01
1.397956e+02,1.258108e+02,9.201515e+01,5.560794e+00,3.754312e+00,2.526752e+00,6.368951e-01
8.866254e+01,1.151300e+02,1.656522e+02,9.723340e+00,5.651931e+00,3.028881e+00,1.223452e+00
1.347628e+02,8.942977e+01,1.249254e+02,9.029322e+00,5.425156e+00,2.965822e+00,9.831524e-01
2.897146e+01,9.500696e+01,4.000303e+01,4.371683e+00,3.032384e+00,2.649575e+00,9.798954e-01
1.956914e+02,6.382186e+01,1.072296e+02,2.469214e+00,1.631537e+00,4.195501e-01,3.859283e-01
1.639225e+02,6.469291e+00,1.385894e+02,5.881389e+00,3.502866e+00,3.653931e-01,2.976774e+00
7.033103e+00,1.524338e+02,1.119725e+02,4.270708e+00,3.222093e+00,1.957227e-01,2.286772e+00
1.715417e+02,1.922124e+02,3.513678e+01,4.843443e+00,3.133667e+00,1.846164e-01,2.814497e+00
1.835348e+02,2.374823e+00,1.919032e+02,4.524829e+00,2.921830e+00,1.647207e-01,2.199092e+00
1.976497e+02,2.471048e+01,1.705050e+02,5.568929e+00,4.141607e+00,2.302871e+00,2.823459e+00
1.321735e+02,1.732461e+02,1.673337e+02,4.426933e+00,3.386355e+00,1.089981e+00,1.059144e+00
7.951549e+01,2.054335e+01,1.692644e+02,5.958523e+00,4.314926e+00,2.233706e+00,1.589247e+00
1.916642e+02,3.106555e+01,1.106470e+02,1.328493e+00,1.009978e+00,2.202718e+00,8.357173e-02
1.927348e+02,1.257515e+02,1.209378e+02,4.819254e+00,3.879921e+00,2.220086e+00,7.604818e-01
3.104742e+01,1.487762e+02,1.287014e+02,2.926192e+00,2.499167e+00,2.189940e+00,2.521571e+00
1.404696e+02,1.150274e+02,4.134261e+01,4.958663e+00,3.125171e+00,2.372317e+00,1.053693e+00
6.711784e+01,1.634442e+02,1.955012e+02,7.055441e+00,5.370586e+00,1.561359e+00,8.309096e-01
4.414534e+00,7.635050e+01,1.615248e+02,8.479669e+00,5.492452e+00,4.199316e-01,2.251096e+00
1.671031e+02,1.411043e+02,1.559434e+02,4.441861e+00,2.907958e+00,1.178016e+00,1.327761e+00
7.388829e+01,1.769155e+02,1.444272e+02,4.049367e+00,2.522177e+00,1.188484e+00,1.064078e+00
5.931741e+01,1.903338e+02,4.713307e+01,6.046805e+00,4.143346e+00,7.562103e-02,1.556554e+00
1.727857e+02,1.129583e+02,1.114552e+02,6.101082e+00,3.982927e+00,4.171968e-01,3.037072e+00
8.739679e+01,4.215583e+01,1.010962e+02,3.437321e+00,2.216036e+00,1.482053e+00,5.736598e-01
1.943136e+02,1.669921e+02,1.213007e+02,7.448113e+00,5.034072e+00,6.244167e-01,2.546282e+00
5.770039e+01,2.148253e+01,1.408241e+02,3.528235e+00,2.626957e+00,7.445960e-01,2.324230e-01
1.487906e+02,1.921052e+02,1.888689e+02,6.452254e+00,3.951388e+00,2.503568e+00,5.620691e-01
2.756402e+01,6.746066e+01,2.176146e+01,6.997123e+00,4.749061e+00,2.182950e+00,2.615195e+00
8.367434e+01,1.508708e+02,7.970006e+01,3.984493e+00,2.437296e+00,2.092725e+00,1.804491e+00
4.016538e+01,1.990646e+02,1.612380e+02,5.273003e+00,4.338936e+00,5.435057e-01,1.946639e+00
1.070795e+02,1.139443e+02,1.099704e+02,3.992575e+00,3.079949e+00,1.638184e+00,4.852799e-01
1.342382e+02,3.071625e+01,6.726984e+01,6.029864e+00,4.683128e+00,1.364850e+00,2.706789e-01
3.736257e+01,1.394766e+02,1.014859e+02,3.790099e+00,2.982888e+00,2.397109e+00,2.549604e+00
1.912050e+02,5.453205e+01,1.929751e+02,4.314796e+00,3.024289e+00,3.127108e+00,5.157973e-01
1.831775e+01,5.913744e+01,5.074969e+01,7.364132e+00,5.116069e+00,1.519991e+00,9.950963e-01
5.823143e+01,1.347032e+02,7.732773e+01,8.064185e+00,5.266422e+00,1.132958e+00,1.108188e+00
7.531753e+01,1.280101e+02,1.046199e+02,6.792137e+00,4.649645e+00,1.825780e+00,2.724127e+00
1.917779e+01,1.217073e+02,5.282378e+01,5.477461e+00,3.647566e+00,1.756244e+00,1.447257e+00
4.770192e+01,8.895566e+01,1.633411e+02,5.383382e+00,3.319613e+00,1.714565e+00,3.053539e+00
1.245646e+02,8.912535e+01,7.466557e+01,6.246126e+00,4.509526e+00,3.127296e+00,3.043480e+00
9.828070e+01,2.041542e+01,8.184066e+01,4.434320e+00,2.740644e+00,2.820086e+00,1.697920e+00
5.006575e+01,1.652179e+02,1.684707e+02,7.751108e+00,5.922871e+00,9.369536e-01,2.063359e+00
1.945644e+02,4.378328e+01,1.720876e+02,3.823295e+00,2.260460e+00,6.014353e-01,3.138523e+00
1.379439e+02,5.284527e+01,8.055278e+01,1.389008e+00,1.033000e+00,3.369142e-01,1.476697e-01
4.388827e+01,1.686216e+02,1.273417e+02,6.441648e+00,4.606716e+00,2.173598e-01,5.124502e-03
2.917333e+01,1.487958e+02,1.728780e+02,4.515743e+00,3.148490e+00,6.995927e-02,2.129793e+00
1.696826e+02,1.640268e+02,9.893904e+01,6.641357e+00,4.696061e+00,2.312110e-01,2.548896e+00
8.350045e+01,1.880451e+02,1.156283e+02,4.078566e+00,2.799866e+00,2.270722e+00,1.999783e+00
1.523462e+02,1.230758e+02,3.854889e+00,7.152984e+00,4.486664e+00,3.096699e+00,3.079945e+00
1.350962e+02,4.318232e+01,1.707491e+01,3.215079e+00,2.229786e+00,5.728574e-01,6.382459e-01
1.167861e+02,1.959654e+02,1.665370e+02,3.249673e+00,2.342433e+00,2.126441e+00,1.302965e+00
6.733417e+00,3.099959e+01,1.604581e+02,4.773296e+00,3.350327e+00,1.046813e+00,1.244043e+00
1.906211e+02,1.853551e+02,2.565902e+01,3.513432e+00,2.736652e+00,1.277336e+00,2.377128e+00
7.778863e+01,1.825146e+02,6.730022e+01,2.044249e+00,1.470766e+00,8.193981e-01,3.104765e+00
1.728538e+01,1.081700e+02,1.289948e+02,5.900858e+00,3.835693e+00,1.690574e+00,1.085344e+00
5.726943e+01,1.862655e+02,1.343251e+02,6.236645e+00,3.961141e+00,2.664541e+00,1.328876e-01
1.808420e+02,1.029241e+02,9.649212e+01,4.499489e+00,2.946540e+00,6.219154e-01,8.532177e-01
2.979752e+01,8.256461e+01,6.139154e+01,7.504366e+00,5.818531e+00,2.283564e+00,1.745979e+00
1.275027e+02,2.080676e+01,1.532384e+02,9.696602e+00,5.595307e+00,2.211023e+00,2.197825e+00
1.042123e+02,1.620678e+02,1.969407e+02,5.822627e+00,3.626021e+00,1.626042e-01,2.468671e+00
1.778842e+02,1.689741e+02,1.772987e+00,5.214914e+00,3.458573e+00,1.648638e+00,1.900637e+00
5.718957e+01,1.318636e+02,1.966646e+02,7.736483e+00,5.690664e+00,2.408838e+00,9.271899e-01
7.844159e+01,5.654976e+01,8.785979e+01,7.406808e+00,5.341700e+00,9.588666e-01,2.576342e+00
1.292309e+02,2.036124e+01,1.778361e+02,3.120207e+00,2.451498e+00,1.812632e+00,4.960838e-01
1.478274e+02,4.318618e+01,3.182752e+00,3.257789e+00,2.533667e+00,1.674767e+00,1.279275e+00
2.401503e+01,7.473575e+01,7.550417e+00,1.179096e+00,9.606744e-01,1.297577e+00,1.999626e+00
5.224494e+01,8.045857e+01,1.111108e+02,4.632025e+00,2.789327e+00,2.794816e+00,1.693105e+00
1.770230e+02,8.948912e+01,1.117948e+01,5.130673e+00,4.030295e+00,2.853045e+00,3.090610e+00
1.318056e+02,2.661338e+00,1.144863e+02,5.542332e+00,3.730091e+00,2.001432e+00,2.701466e-02
5.101894e+01,3.798577e+01,3.260534e+01,6.615960e+00,4.376735e+00,8.759239e-01,2.965824e-01
7.555663e+01,5.962094e+01,1.223333e+02,8.595422e+00,5.854534e+00,2.451563e+00,1.683700e+00
1.354885e+02,1.709657e+02,5.388993e+01,3.113635e+00,1.968373e+00,8.332023e-01,6.875472e-04
1.544871e+02,2.785786e+01,1.980901e+02,6.428040e+00,4.407287e+00,7.228450e-01,1.485907e+00
1.910458e+02,3.669385e+01,1.281248e+02,4.740383e+00,3.472057e+00,9.446259e-01,3.003800e+00
8.962827e+01,2.145809e-01,6.100768e+01,4.149914e+00,3.304055e+00,2.769744e+00,2.341527e+00
1.946613e+02,1.882216e+02,1.834969e+02,4.441259e+00,2.988787e+00,6.087954e-02,7.264828e-01
1.392088e+02,1.257785e+02,1.857952e+02,4.694166e+00,3.137816e+00,1.000804e+00,1.412988e+00
6.823444e+01,1.706219e+02,1.782239e+02,4.144730e+00,2.912117e+00,2.680041e-01,4.698805e-01
1.087741e+02,1.622302e+02,2.555702e+01,7.284311e+00,5.400632e+00,1.576725e+00,2.702990e-01
6.094710e+01,8.762504e+01,6.594522e+01,4.622060e+00,3.341148e+00,8.012335e-01,2.929239e+00
3.759479e+01,5.820608e+01,1.323021e+01,3.901263e+00,2.545143e+00,2.755825e+00,4.555465e-01
1.680850e+01,1.537728e+00,6.038537e+01,7.317071e+00,4.650873e+00,6.748176e-01,2.766138e+00
1.418955e+00,3.767977e+01,1.175758e+02,6.231965e+00,3.586545e+00,1.114105e+00,1.160172e+00
1.211690e+02,6.800624e+00,8.315967e+00,3.139667e+00,2.002304e+00,4.586562e-01,5.688119e-01
1.574409e+02,1.323149e+02,1.842187e+01,6.357933e+00,4.223086e+00,7.411960e-01,2.345032e-01
1.229668e+02,1.770597e+02,1.901036e+01,2.561752e+00,1.635053e+00,1.407439e+00,8.701469e-01
1.211389e+02,4.939232e+01,8.458566e+01,6.546749e+00,4.515001e+00,3.649708e-03,1.092793e+00
1.368311e+02,1.753060e+01,2.233397e+00,8.369800e+00,5.293598e+00,1.354076e+00,3.746433e-01
7.549416e+01,1.212786e+02,2.181470e+01,7.621882e+00,5.092703e+00,1.066683e+00,7.833507e-01
1.416375e+02,1.796855e+02,1.967965e+01,7.130891e+00,4.529450e+00,3.023517e+00,1.668085e+00
5.150642e+01,9.611048e+01,1.011313e+02,6.539659e+00,5.289182e+00,2.936226e+00,3.889280e-01
9.512557e+01,7.877438e+01,9.424974e+00,3.630836e+00,2.464976e+00,1.880297e+00,7.482439e-01
1.259164e+02,1.947211e+02,1.036353e+02,3.055065e+00,2.212782e+00,2.497742e+00,1.246373e+00
1.594148e+02,6.898757e+01,9.483645e+01,6.046525e+00,4.423705e+00,2.978861e+00,2.164174e+00
1.220225e+02,5.205520e+01,4.192589e+01,4.766165e+00,3.477077e+00,1.512749e+00,1.336923e+00
1.375735e+02,9.348973e+01,6.029655e+01,4.155542e+00,2.778058e+00,2.528831e+00,6.028010e-01
6.309290e+01,1.934785e+02,9.740192e+01,6.132606e+00,4.066532e+00,2.582882e+00,2.424609e+00
4.855254e+01,1.282308e+02,1.356304e+02,3.055676e+00,2.221443e+00,2.854264e-01,2.297988e+00
1.467747e+02,6.383532e+01,1.641890e+02,6.704743e+00,4.521287e+00,5.676347e-01,2.208035e+00
1.900732e+02,8.888553e+00,3.144564e+00,4.582125e+00,3.031464e+00,8.754775e-01,1.065037e-01
1.007581e+02,1.405873e+02,1.012243e+02,8.597394e+00,5.538506e+00,1.532022e+00,1.895758e+00
9.435386e+00,1.944611e+02,1.496403e+02,7.629833e+00,5.655248e+00,7.819460e-01,4.844283e-01
1.641634e+02,6.785412e+00,1.923037e+02,8.921377e+00,5.830921e+00,2.628946e+00,6.594126e-01
4.478752e+01,1.719756e+02,8.454054e+01,2.898690e+00,2.044253e+00,2.961436e+00,2.700759e+00
1.111962e+02,4.271178e+01,1.692916e+02,4.494091e+00,3.523357e+00,9.923132e-01,6.745461e-01
8.797269e+01,9.489237e+00,9.701875e+01,6.392869e+00,4.438968e+00,9.899421e-01,2.164275e+00
6.700701e+01,1.531100e+02,1.518923e+02,2.005928e+00,1.344420e+00,1.455645e+00,5.685009e-01
1.090175e+01,1.975001e+02,4.000109e+01,3.123224e+00,2.311824e+00,4.575631e-01,2.205461e+00
1.351709e+02,7.440779e+01,3.401725e+01,5.256758e+00,3.458650e+00,1.807562e+00,8.151458e-01
1.249503e+02,4.848267e+01,1.953230e+02,4.355564e+00,3.138554e+00,2.163356e+00,4.816781e-01
1.291665e+02,1.325469e+02,4.782892e+01,6.774471e+00,4.167137e+00,7.778929e-01,8.711843e-01
1.727631e+02,1.500366e+02,7.189230e+01,7.822848e+00,4.803133e+00,3.061317e+00,2.037799e+00
1.026932e+02,1.928020e+02,4.478661e+01,4.433447e+00,2.887941e+00,1.283096e+00,7.407142e-01
1.909943e+02,1.513858e+02,3.866422e+01,4.395177e+00,2.980743e+00,2.868098e+00,2.670806e+00
3.870184e+01,8.530391e+01,1.443553e+02,4.365227e+00,3.258628e+00,1.291696e+00,1.276406e+00
3.471139e+01,1.240689e+02,1.590175e+02,7.576764e+00,4.935031e+00,2.289534e+00,2.518871e+00
1.136039e+02,1.216425e+01,1.048763e+02,5.791630e+00,3.871810e+00,1.997237e+00,2.897984e+00
7.455369e+01,4.145058e+00,1.080543e+02,9.111161e+00,5.960649e+00,9.549008e-01,1.522011e+00
9.615938e+01,9.644812e+01,7.311584e+00,5.602591e+00,4.169180e+00,9.694538e-01,7.096305e-01
7.143018e+01,1.664288e+02,3.985803e+01,6.376570e+00,3.673598e+00,2.871062e+00,2.714489e+00
3.967772e+00,1.747620e+01,1.831677e+02,1.482142e+00,1.001329e+00,1.475562e+00,2.061724e+00
1.113047e+02,3.602419e+01,1.830623e+02,5.198301e+00,3.781568e+00,2.781093e+00,8.956856e-01
2.230242e+01,1.919828e+02,2.035290e+00,9.038210e+00,5.607793e+00,2.586322e+00,1.194666e+00
9.325016e+01,8.972853e+01,5.272199e+01,5.537551e+00,3.690179e+00,2.670305e+00,2.062178e-01
4.005355e+01,1.513640e+02,1.438683e+02,7.619768e+00,5.138363e+00,2.233675e+00,1.078604e-01
4.661324e+01,8.843478e+01,8.157148e+01,3.532967e+00,2.289845e+00,3.066795e+00,1.277759e+00
1.590826e+02,1.816082e+02,9.720938e+01,5.952503e+00,4.416253e+00,2.198844e+00,1.739721e-01
1.587233e+02,1.141207e+02,1.570706e+02,4.564252e+00,3.169354e+00,8.449027e-01,5.211077e-01
1.463456e+02,1.524592e+02,1.872884e+02,2.907429e+00,2.159795e+00,2.548843e+00,2.582153e-01
1.185207e+02,1.661306e+02,4.118833e+00,5.447350e+00,3.650589e+00,2.690876e+00,2.502115e+00
1.979553e+02,1.663023e+02,3.219873e+01,2.879310e+00,1.905085e+00,1.758516e+00,1.657135e+00
1.222038e+02,1.013667e+02,1.522244e+02,4.677245e+00,3.003556e+00,8.340011e-01,3.020994e+00
1.973212e+02,1.133231e+02,5.872401e+01,4.314975e+00,3.502675e+00,2.882372e-01,2.329198e+00
9.707069e+01,2.796295e+01,1.935963e+02,6.397600e+00,3.959291e+00,2.464686e+00,2.095664e+00
1.856276e+02,1.212830e+02,6.685241e+01,2.071067e+00,1.425652e+00,9.547431e-01,1.377554e+00
7.735901e+01,1.944621e+02,1.464787e+02,8.295773e+00,5.564661e+00,2.142511e+00,1.113420e+00
2.250305e+01,3.768955e+01,4.267969e+01,4.120165e+00,2.882177e+00,1.945104e+00,1.321838e+00
1.615084e+02,7.195600e+00,1.728189e+02,5.184656e+00,3.743676e+00,2.127965e+00,2.525030e+00
3.451708e+01,9.500589e+01,1.752595e+02,1.544303e+00,1.171767e+00,1.959958e+00,1.502724e-01
2.372014e+01,1.814144e+02,4.139026e+01,5.070817e+00,3.325217e+00,1.474468e+00,2.752878e+00
1.436817e+02,1.047862e+02,1.624091e+02,5.805334e+00,3.947831e+00,2.645572e+00,5.216148e-01
8.291875e+01,7.605197e+00,1.590448e+02,1.394258e+00,9.726671e-01,2.107106e-01,2.973242e+00
6.563590e+01,1.566092e+02,8.251174e+00,5.704148e+00,3.909115e+00,1.880143e+00,1.495337e+00
1.738721e+02,4.226644e+01,6.833568e+00,5.591167e+00,3.754032e+00,2.967951e+00,8.267556e-02
1.347291e+02,1.969344e+02,1.575895e+02,3.922490e+00,2.355770e+00,2.474750e+00,1.124787e+00
1.403128e+02,1.767257e+02,1.325600e+02,1.810994e+00,1.281202e+00,3.097227e+00,2.818974e+00
1.482495e+02,1.355349e+02,1.962365e+02,3.426696e+00,2.543857e+00,8.273106e-01,3.376672e-01
1.571842e+02,1.390169e+02,9.934795e+01,4.520302e+00,3.131737e+00,2.715141e+00,2.613020e+00
1.009638e+02,2.038227e+01,1.274663e+02,3.679220e+00,2.571146e+00,3.963233e-01,1.856226e+00
6.722637e+01,4.361479e+01,6.810395e+01,7.905487e+00,5.913414e+00,1.658551e+00,1.264672e+00
3.522420e+01,1.810322e+01,1.674286e+02,4.568332e+00,3.010262e+00,2.963536e+00,1.400686e+00
1.876346e+02,1.602387e+01,1.849949e+02,8.347291e+00,5.454244e+00,1.570667e+00,1.542778e+00
5.506850e+00,4.502742e+01,1.960946e+02,5.278064e+00,3.790098e+00,1.830321e+00,2.244022e+00
1.602408e+02,1.859401e+01,3.955408e+01,6.360807e+00,4.100309e+00,2.076627e+00,1.999341e+00
1.422824e+02,1.077181e+01,5.625135e+01,6.646215e+00,4.641847e+00,1.811834e+00,1.452445e+00
4.950436e+01,1.058725e+00,1.237416e+02,6.897710e+00,4.736222e+00,4.262675e-01,2.076519e+00
9.084521e+01,3.436342e+01,5.167901e+01,2.023715e+00,1.346643e+00,1.613443e+00,3.131861e+00
1.127052e+01,1.527727e+02,1.354669e+02,1.405831e+00,9.545391e-01,1.590010e+00,7.494092e-01
8.510449e+01,4.836491e+01,1.147040e+01,5.179255e+00,3.661193e+00,1.558280e+00,2.075854e+00
1.673180e+02,2.641756e+01,8.088377e+01,3.437628e+00,2.226484e+00,2.923511e+00,6.874115e-01
7.015972e+01,1.822667e+02,1.228400e+02,5.676799e+00,3.984991e+00,2.532708e+00,1.806406e+00
3.082597e+01,1.592040e+02,1.086293e+02,7.675513e+00,5.136226e+00,2.946466e+00,1.818610e+00
1.596230e+02,1.964776e+02,4.971275e+01,6.299345e+00,4.091952e+00,2.456531e+00,9.034795e-01
1.802217e+02,4.183286e+01,2.680810e+01,6.802446e+00,4.543042e+00,1.915388e+00,2.007401e+00
1.372360e+02,8.841217e+01,8.792452e+01,3.532533e+00,2.595783e+00,2.773270e+00,2.450722e+00
1.614479e+02,8.689866e+01,1.462482e+02,5.778876e+00,3.707599e+00,1.526156e+00,1.690595e+00
4.577950e+01,1.257615e+02,2.324390e+01,4.822171e+00,3.463171e+00,7.166885e-01,1.565378e+00
2.931166e+01,1.360730e+02,1.164499e+02,2.544837e+00,1.798460e+00,2.103901e+00,1.961055e+00
1.347522e+02,7.466639e+01,1.438452e+02,6.456575e+00,4.444313e+00,9.623518e-01,1.509349e+00
7.786555e+00,9.550858e+01,6.278226e+01,6.335189e+00,3.868593e+00,2.311765e+00,2.887459e+00
1.849825e+02,2.792815e+01,1.968597e+02,2.419767e+00,1.424176e+00,3.045319e+00,3.356608e-01
1.496186e+02,1.526303e+02,1.661000e+02,4.676346e+00,3.360937e+00,8.710015e-01,3.867094e-01
6.406530e+01,5.615478e+00,1.371980e+02,5.301480e+00,3.849182e+00,2.103327e+00,3.015608e+00
6.293086e+01,2.128671e+01,9.154120e+00,6.992572e+00,5.134886e+00,2.395800e+00,2.893514e+00
