819
7
8.643655e+02,9.614161e+02,1.366762e+02,3.209270e+01,1.824307e+01,1.575647e+00,1.513532e+00
9.686901e+02,6.551409e+02,9.832408e+01,1.859341e+01,9.542959e+00,3.227411e-01,1.031937e+00
3.080816e+02,5.579218e+02,1.001247e+03,2.304127e+01,1.381068e+01,1.144670e+00,2.522956e+00
1.009273e+03,1.648633e+02,1.015240e+03,1.407006e+01,8.603789e+00,2.578626e+00,4.507104e-01
1.001197e+03,5.077029e+02,8.370934e+02,1.994076e+01,1.111015e+01,3.859243e-01,2.470007e-01
1.568391e+02,4.418188e+02,9.708179e+02,1.237290e+01,8.256737e+00,2.040021e+00,1.399290e+00
8.422662e+02,1.017037e+03,6.999029e+02,2.314116e+01,9.794828e+00,2.314175e+00,1.462444e+00
2.402507e+01,8.742110e+02,9.705525e+02,1.916547e+01,9.651050e+00,2.232620e+00,2.314344e+00
7.099570e+02,7.925962e+02,7.773166e+02,2.397813e+01,1.460944e+01,3.309195e-01,2.196090e+00
4.102695e+02,6.856299e+02,1.790613e+02,2.271956e+01,1.230193e+01,3.011545e+00,1.674753e+00
7.316082e+02,4.118627e+01,2.978266e+02,2.636150e+01,1.249303e+01,1.331070e+00,6.481834e-01
4.980922e+01,9.942054e+01,8.509083e+02,1.250781e+01,6.943209e+00,1.759648e+00,4.931271e-01
7.267907e+02,3.316861e+02,9.939323e+02,7.926658e+00,4.437764e+00,3.103352e-01,1.263673e+00
3.603060e+01,4.589266e+02,3.991101e+02,1.910421e+01,9.272156e+00,1.517759e+00,1.374685e+00
8.007306e+02,8.317791e+02,1.954687e+02,1.313456e+01,5.836212e+00,4.826264e-01,3.063252e+00
5.234695e+02,4.620954e+02,6.681295e+02,8.299412e+00,3.980268e+00,9.690866e-01,2.911453e+00
7.419956e+02,7.894023e+02,2.887222e+02,1.754848e+01,9.306163e+00,4.112859e-01,9.678121e-01
7.109690e+02,6.852325e+02,1.700919e+02,1.480255e+01,7.426897e+00,1.079196e+00,2.709883e+00
1.292151e+02,5.253083e+02,9.957714e+02,2.197441e+01,1.184572e+01,2.083066e+00,1.760006e+00
3.560435e+02,6.121901e+02,2.341073e+02,1.953243e+01,1.131171e+01,1.621698e+00,1.709536e+00
7.858253e+02,2.668295e+02,5.292311e+02,2.953496e+01,1.769037e+01,2.502803e+00,2.646099e+00
7.372410e+02,9.287589e+02,9.909660e+02,1.288070e+01,7.877789e+00,1.811428e+00,2.475483e+00
5.723874e+02,1.450012e+02,1.561615e+02,2.104473e+01,1.300473e+01,2.100907e-01,1.685060e+00
2.693536e+02,8.793902e+02,2.659792e+02,1.280376e+01,6.914631e+00,7.806306e-01,5.750321e-03
8.554778e+02,2.584476e+02,9.658820e+02,5.747043e+00,4.057235e+00,2.854701e+00,1.162868e+00
3.714390e+02,1.982473e+02,2.729291e+02,2.014773e+01,1.110747e+01,2.794473e+00,1.370114e+00
6.443827e+02,4.950601e+02,3.678358e+02,1.935077e+01,1.346655e+01,3.109568e+00,1.989264e+00
8.690467e+02,6.121862e+02,5.750109e+02,3.136011e+01,1.766072e+01,1.016794e+00,4.611148e-01
9.593846e+02,2.989876e+02,7.920314e+02,9.786082e+00,6.122778e+00,3.102073e+00,1.776153e+00
7.884006e+02,3.979464e+02,5.939414e+02,1.638458e+01,8.676371e+00,1.928513e+00,1.266429e+00
7.934359e+01,5.643182e+01,5.552142e+02,2.326926e+01,1.100958e+01,2.048575e+00,1.695889e-01
8.150089e+02,9.769752e+02,1.358819e+02,6.975622e+00,5.012738e+00,1.889184e+00,4.272086e-01
5.949895e+02,4.909826e+02,1.244956e+01,1.458017e+01,8.863275e+00,2.506345e+00,1.226822e+00
3.526303e+02,1.696427e+02,8.308216e+02,1.584232e+01,9.631106e+00,1.917774e+00,1.437453e+00
3.255309e+02,5.528457e+02,1.732686e+02,1.892543e+01,1.098167e+01,1.185130e+00,1.042729e+00
6.296731e+02,2.750680e+02,6.841667e+02,1.176445e+01,6.550403e+00,5.486685e-01,2.693390e+00
7.209184e+02,7.825666e+02,4.712665e+02,2.886537e+01,1.808695e+01,1.882260e-01,1.907436e+00
9.623841e+01,2.425819e+02,9.543281e+02,2.012483e+01,1.131249e+01,4.786299e-01,6.192655e-01
1.593874e+02,8.638046e+02,5.631062e+02,2.610806e+01,1.232082e+01,1.204545e+00,4.508848e-01
1.041957e+03,8.177160e+01,4.630415e+02,2.700588e+01,1.430451e+01,4.110418e-02,2.410795e+00
1.014427e+02,1.020259e+03,7.757598e+00,2.654192e+01,1.549507e+01,3.032810e+00,2.050590e+00
8.190585e+02,8.586168e+02,9.184171e+02,1.155485e+01,5.981249e+00,9.996136e-01,1.075304e+00
8.831989e+01,4.181727e+02,2.718244e+02,3.286955e+01,1.646162e+01,3.002117e+00,1.778488e-01
8.368716e+02,4.512589e+02,9.525374e+02,7.302847e+00,5.349004e+00,9.097964e-02,1.320605e+00
1.786557e+02,2.680198e+02,1.459062e+02,1.597869e+01,8.871374e+00,1.247774e+00,1.447846e+00
1.362165e+02,9.221782e+02,5.998298e+02,4.389957e+01,1.837295e+01,8.727659e-01,1.682331e+00
5.751538e+02,1.516227e+02,8.922705e+02,3.956794e+01,2.122357e+01,1.136795e+00,2.602567e+00
6.506697e+02,3.670962e+02,5.368590e+02,1.289603e+01,6.800646e+00,2.451866e+00,3.136472e+00
4.063131e+02,7.755772e+01,2.640582e+02,2.381998e+01,1.045803e+01,1.400095e+00,1.201362e+00
1.289916e+02,1.923675e+02,2.509903e+02,1.152509e+01,7.578081e+00,1.800518e-01,5.971539e-01
4.364614e+02,5.193853e+01,9.442411e+02,2.807171e+01,1.349039e+01,1.507787e-01,3.117689e+00
9.861009e+02,5.169584e+02,5.135245e+02,1.348345e+01,7.638902e+00,1.667604e+00,2.136084e+00
3.433485e+02,9.466381e+02,3.897917e+02,2.586201e+01,1.349636e+01,2.408873e+00,2.937062e+00
1.163181e+02,8.161437e+02,4.076668e+02,6.660183e+00,3.309033e+00,1.930915e+00,1.999342e+00
2.452101e+02,4.126006e+02,9.294314e+01,9.664592e+00,5.392562e+00,2.929324e+00,2.037966e+00
1.380441e+02,9.853849e+02,1.000117e+03,1.788538e+01,1.067363e+01,2.455396e+00,1.202010e+00
6.016682e+02,6.252940e+01,2.455798e+02,1.150456e+01,5.685650e+00,2.371597e+00,8.756752e-02
3.694039e+02,8.589690e+02,1.611200e+01,1.733011e+01,9.546989e+00,1.024841e+00,1.863173e+00
4.500290e+01,1.767636e+02,6.789748e+02,1.467409e+01,7.812392e+00,1.639852e+00,2.297463e+00
7.653816e+02,6.775423e+02,4.716662e+02,1.993438e+01,9.912470e+00,2.028147e+00,2.051850e+00
5.721713e+02,3.099516e+02,7.789487e+02,2.902495e+01,1.386105e+01,1.606103e+00,1.946581e-01
1.976469e+02,7.183671e+02,1.919527e+02,1.078639e+01,6.055744e+00,2.080049e+00,4.807918e-01
3.854349e+02,6.543970e+02,8.161179e+02,1.788857e+01,1.129409e+01,7.266812e-01,2.373956e+00
8.485755e+01,9.721377e+02,8.113955e+02,6.482597e+00,3.299550e+00,3.086832e+00,1.557706e+00
5.202395e+02,4.634428e+02,4.649172e+02,2.527179e+01,1.145921e+01,2.699240e-01,1.207531e+00
3.139570e+02,5.183455e+02,5.258420e+02,2.469499e+01,1.469923e+01,1.296467e+00,9.057772e-01
8.463188e+02,8.424802e+02,6.768950e+02,1.638729e+01,8.257060e+00,3.095362e+00,5.854875e-01
3.960254e+02,8.489132e+02,5.573356e+02,2.698197e+01,1.208007e+01,1.524486e+00,2.976149e+00
3.668606e+02,9.821956e+02,9.162362e+02,2.888942e+01,1.579593e+01,1.922253e+00,1.250531e+00
5.754635e+02,6.511089e+02,6.140488e+02,1.201205e+01,6.195976e+00,3.525010e-02,4.371579e-01
2.042090e+02,3.097901e+02,4.805372e+02,1.621943e+01,8.918037e+00,2.414476e+00,1.700772e+00
2.459126e+02,8.780293e+02,2.085083e+02,8.873565e+00,5.556094e+00,2.329678e+00,9.587008e-02
2.389873e+02,1.779526e+02,2.290964e+02,1.994578e+01,1.223071e+01,6.828149e-01,1.723007e+00
4.557408e+02,3.254130e+02,9.658551e+02,1.195952e+01,7.900224e+00,1.248222e+00,1.245920e+00
4.573284e+02,1.792963e+02,9.443978e+02,1.370245e+01,7.599875e+00,8.248687e-01,2.390581e+00
1.016677e+03,4.687300e+02,1.116777e+02,2.668323e+01,1.140635e+01,2.470505e-01,5.114028e-01
2.699357e+02,4.275210e+02,6.222613e+02,1.103880e+01,5.772437e+00,6.915266e-01,1.470580e+00
2.742735e+02,6.305739e+02,7.439317e+02,2.808129e+01,1.225313e+01,1.523625e+00,1.864990e+00
2.319471e+02,1.228189e+02,3.103230e+02,2.501036e+01,1.558896e+01,1.618851e+00,2.680859e-01
3.304661e+02,4.453061e+02,5.295357e+02,1.990388e+01,1.162059e+01,2.635825e+00,1.561814e+00
8.243617e+01,2.733293e+02,8.358485e+02,2.954557e+01,1.273147e+01,1.297955e+00,2.440699e+00
3.056441e+01,9.715814e+02,7.639261e+02,3.577383e+01,2.418900e+01,1.263472e+00,4.204014e-01
5.089442e+02,5.905709e+02,2.429572e+02,1.555718e+01,1.041347e+01,2.992954e+00,2.199727e+00
4.799559e+02,1.007391e+03,5.719588e+02,2.023085e+01,8.457525e+00,1.052742e+00,2.609819e+00
5.451081e+02,2.422477e+02,5.113870e+02,1.866592e+01,8.818606e+00,4.201887e-01,1.612101e+00
6.603341e+02,7.201873e+02,4.221518e+02,1.703584e+01,8.906527e+00,2.184778e+00,1.512303e-02
3.843387e+02,1.033429e+03,3.947485e+01,1.283189e+01,6.876485e+00,2.898978e+00,1.120644e+00
9.258857e+02,9.552980e+02,8.328083e+02,3.711537e+01,1.724449e+01,1.531604e+00,3.056838e+00
1.107935e+02,2.745878e+02,3.504962e+02,1.769331e+01,8.734724e+00,1.588680e+00,4.544553e-01
7.109954e+02,1.428346e+02,7.544040e+02,2.013390e+01,9.805225e+00,1.453226e-02,2.433998e+00
9.998515e+01,6.753296e+02,5.262365e+02,1.870096e+01,8.350327e+00,5.920920e-01,1.134050e+00
8.148881e+02,7.479288e+02,9.452917e+02,1.281258e+01,5.827508e+00,2.449310e+00,8.846039e-01
9.319049e+02,3.495346e+02,7.308881e+02,2.540105e+01,1.327165e+01,1.918966e+00,1.707171e+00
2.069091e+02,3.194583e+01,7.783017e+02,2.704079e+01,1.825173e+01,2.489577e+00,1.279378e+00
5.130578e+02,5.032052e+02,9.343893e+02,2.688147e+01,1.209992e+01,2.632342e+00,2.891220e+00
6.326968e+02,6.445938e+02,9.013120e+02,1.286466e+01,8.161849e+00,2.159400e+00,1.121232e+00
8.425419e+02,6.032507e+02,1.913369e+02,1.484877e+01,1.268837e+01,2.558328e-01,3.534582e-01
2.393804e+02,9.270049e+02,3.297642e+01,2.209028e+01,1.131560e+01,2.532565e+00,8.013697e-01
5.124369e+02,1.756518e+02,1.023700e+03,2.778539e+01,1.470691e+01,4.234144e-01,4.890741e-01
7.454784e+02,5.234933e+02,4.927584e+02,2.341621e+01,1.386721e+01,1.790439e+00,2.554463e+00
7.613469e+01,7.133028e+02,5.154123e+01,1.682683e+01,8.906266e+00,1.805447e+00,1.978069e+00
7.473196e+01,5.456457e+02,1.011796e+02,1.543898e+01,6.936722e+00,5.058828e-02,2.071485e+00
8.557834e+02,8.551543e+02,7.556718e+02,1.668461e+01,8.588896e+00,2.936850e+00,2.086387e+00
1.567593e+02,6.899471e+02,5.424503e+02,1.814023e+01,1.024587e+01,1.931388e+00,1.719321e+00
1.017731e+03,6.788451e+02,8.371458e+02,6.743621e+00,3.592342e+00,2.100390e+00,8.983354e-01
4.746724e+02,4.522815e+02,8.632782e+02,1.729355e+01,1.237652e+01,1.325038e+00,3.057183e-01
8.730943e+01,1.392969e+02,1.813645e+02,1.715833e+01,1.188611e+01,2.207808e+00,2.611350e+00
4.089209e+02,8.696232e+02,8.403192e+02,2.199772e+01,1.412114e+01,1.478737e+00,9.896659e-01
7.277397e+01,4.256116e+02,5.473374e+02,1.517356e+01,9.869971e+00,1.284575e+00,1.881134e+00
4.359722e+02,6.870754e+02,6.568601e+02,2.639649e+01,1.077656e+01,3.105892e+00,1.472677e+00
2.958294e+02,4.644251e+02,2.554090e+00,2.540819e+01,1.267814e+01,1.524460e+00,2.067832e+00
1.029331e+03,1.748582e+02,1.111023e+02,1.983885e+01,9.368346e+00,3.683918e-01,8.199554e-01
3.895406e+02,2.072318e+02,5.122133e+02,1.385308e+01,7.826566e+00,2.695756e+00,8.938787e-01
3.551101e+02,9.954055e+02,9.626673e+02,7.668123e+00,4.648526e+00,1.074349e+00,2.171018e+00
4.852068e+01,7.747738e+02,2.672857e+02,1.580014e+01,7.649064e+00,9.939344e-01,3.058273e+00
4.422861e+02,5.730730e+02,9.861029e+02,1.895085e+01,9.668060e+00,1.186037e+00,8.876826e-01
4.333712e+02,1.025170e+03,3.176241e+02,2.018619e+01,1.164607e+01,2.732814e+00,2.682898e+00
7.333493e+02,6.969904e+02,5.639263e+02,2.270445e+01,1.668351e+01,1.669547e+00,2.831605e+00
7.302184e+02,6.971882e+02,1.863265e+02,3.131000e+01,1.295388e+01,7.902836e-02,2.631882e+00
1.339031e+02,1.045038e+03,1.789926e+02,1.932938e+01,8.058871e+00,7.802310e-01,2.363357e+00
3.410046e+01,5.870150e+02,9.224324e+02,8.069640e+00,5.181268e+00,2.273509e+00,8.140849e-01
6.999574e+02,1.991932e+02,3.858867e+02,1.963025e+01,8.970560e+00,1.358366e+00,2.975523e+00
4.765938e+02,1.041078e+03,1.569459e+02,1.121629e+01,6.342155e+00,8.213712e-01,2.661345e+00
9.019536e+02,6.478124e+02,3.682635e+02,2.444620e+01,1.454964e+01,5.950461e-01,2.646398e+00
1.997062e+02,4.479526e+02,5.041951e+02,1.485494e+01,9.484827e+00,6.738026e-01,2.441509e+00
1.261597e+02,6.166248e+02,2.365923e+02,2.267281e+01,1.314926e+01,1.554757e+00,1.488346e+00
4.023116e+02,6.098038e+02,2.633892e+02,3.535722e+01,1.866814e+01,1.036752e-01,2.674015e+00
3.038009e+02,6.454771e+02,2.774838e+02,1.156928e+01,7.933491e+00,1.170634e+00,2.919119e+00
8.639530e+02,1.031788e+03,7.517799e+02,2.162653e+01,1.150376e+01,1.120533e+00,7.616366e-02
3.578214e+02,6.055617e+02,1.017480e+02,2.554928e+01,1.785846e+01,8.630160e-01,2.290495e+00
9.467527e+02,9.293009e+02,8.651206e+02,9.813852e+00,5.445983e+00,8.306337e-01,1.464987e+00
2.748522e+02,6.193579e+02,3.018286e+01,2.006365e+01,1.263239e+01,2.338964e+00,1.857290e+00
4.448212e+02,3.271040e+02,1.689130e+02,2.066315e+01,9.434041e+00,4.136967e-01,3.092891e+00
1.869894e+02,4.423384e+02,9.856389e+01,2.367565e+01,1.428349e+01,2.522963e+00,2.660953e+00
6.260558e+02,4.925868e+02,7.279630e+02,1.680703e+01,9.402924e+00,9.563104e-01,3.068385e+00
7.320827e+02,6.679032e+02,3.514961e+01,2.362637e+01,1.202321e+01,1.077083e+00,1.083395e+00
7.197118e+01,3.343013e+02,5.552840e+02,2.004368e+01,1.118374e+01,2.071381e+00,8.713623e-01
6.845502e+02,4.263697e+02,8.577004e+02,2.072293e+01,1.225023e+01,1.224105e-01,9.940227e-01
7.514035e+02,1.013207e+03,5.557753e+02,1.910892e+01,1.396652e+01,2.425758e+00,1.057111e+00
3.401024e+02,1.104881e+02,6.390628e+02,2.383542e+01,1.368676e+01,2.167965e+00,1.721907e+00
8.146271e+02,4.429318e+02,9.500116e+01,1.641342e+01,7.601542e+00,2.913027e+00,8.960003e-01
2.787292e+02,1.607249e+02,2.939315e+02,2.648494e+01,1.349412e+01,1.948371e-01,2.877257e+00
4.603291e+02,5.513913e+02,4.784659e+02,7.761673e+00,5.062274e+00,2.159740e+00,2.107014e+00
9.156387e+02,5.418825e+02,9.870293e+02,1.139217e+01,5.402197e+00,2.279838e+00,2.467693e+00
6.670437e+02,1.001748e+03,2.517796e+02,2.431569e+01,1.342586e+01,2.659451e+00,5.749284e-01
7.072239e+02,3.023615e+02,7.027113e+02,2.772131e+01,1.352227e+01,1.739814e+00,4.426059e-01
7.271170e+02,7.112044e+01,2.665105e+02,2.553985e+01,1.351297e+01,2.646467e+00,1.751270e-01
2.343459e+02,6.985530e+02,8.832342e+02,1.914167e+01,1.572316e+01,1.536832e-01,1.942678e+00
3.603077e+02,8.164236e+02,7.063973e+02,2.272895e+01,1.458337e+01,2.383854e+00,1.853356e+00
7.024219e+00,6.298703e+02,4.045627e+02,2.471628e+01,1.082490e+01,2.123716e+00,1.178210e+00
9.581268e+02,1.204006e+00,4.837218e+02,1.315614e+01,7.321183e+00,2.747100e+00,7.105725e-02
4.438691e+02,4.821185e+02,8.055871e+02,1.680518e+01,9.989671e+00,1.039689e+00,5.003023e-01
3.373055e+02,8.208373e+02,4.930396e+02,2.736131e+01,1.422936e+01,1.628915e+00,1.592074e+00
3.740782e+01,1.839646e+02,7.549589e+02,1.462441e+01,7.293887e+00,1.426111e+00,2.472974e+00
4.952663e+02,1.597464e+02,3.568163e+02,6.801252e+00,4.119711e+00,5.639255e-01,2.394012e+00
6.353291e+02,2.005655e+02,7.723945e+02,2.884098e+01,1.492806e+01,2.662184e+00,2.935268e+00
2.680292e+02,9.508900e+02,2.820527e+02,1.105517e+01,7.351333e+00,1.458515e-01,2.498132e+00
8.007130e+02,1.973404e+02,3.007231e+02,2.375350e+01,1.428544e+01,1.644926e+00,1.427104e+00
9.530468e+01,6.027150e+02,7.147980e+02,2.033697e+01,1.211619e+01,7.310600e-01,1.081960e+00
5.752855e+02,4.418030e+02,6.888230e+02,2.402960e+01,1.264684e+01,2.837719e+00,4.173914e-01
6.774080e+02,7.102515e+02,6.650329e+02,2.520890e+01,1.063542e+01,1.700409e+00,1.763168e+00
9.864572e+02,2.224946e+02,7.519127e+02,2.484441e+01,1.235398e+01,3.100280e-01,6.522425e-01
2.470972e+02,1.248885e+02,6.352399e+02,2.711831e+01,1.694123e+01,2.692608e+00,3.707289e-01
4.708440e+02,4.798269e+02,6.923942e+02,1.393749e+01,1.001273e+01,1.342653e-01,2.411658e+00
8.177014e+02,3.649164e+02,6.792028e+02,3.000941e+01,1.834915e+01,4.462373e-01,1.436510e+00
4.307175e+02,8.732694e+02,8.848068e+02,3.020799e+01,1.339442e+01,6.832890e-01,2.280303e+00
2.682373e+02,6.416799e+02,6.090326e+02,2.114340e+01,1.062133e+01,2.442469e+00,3.352883e-01
5.563353e+02,9.100616e+02,2.634863e+02,2.192141e+01,1.411709e+01,1.123452e+00,1.379603e+00
3.327055e+02,1.246984e+02,9.830616e+02,2.438276e+01,1.102598e+01,7.955700e-02,1.751086e+00
6.752473e+02,5.015185e+02,6.687255e+02,1.673213e+01,1.033739e+01,2.619396e+00,2.687895e+00
5.697731e+02,6.770878e+02,5.689047e+02,3.246312e+01,1.765471e+01,1.141020e+00,2.864911e+00
7.542148e+02,5.465301e+02,1.039415e+03,1.087799e+01,6.561848e+00,2.477340e+00,1.103737e+00
2.259971e+02,1.240904e+02,1.273220e+02,1.252371e+01,6.787120e+00,2.763532e+00,1.169811e+00
6.651657e+01,4.231907e+02,4.689981e+02,2.839707e+01,1.708422e+01,2.125312e+00,3.211822e-01
3.853987e+02,7.949112e+02,6.672991e+02,2.510633e+01,1.524623e+01,1.712935e+00,2.065890e+00
8.074915e+02,9.757648e+02,1.017487e+03,3.396760e+01,2.062815e+01,2.823943e+00,6.874114e-01
2.008617e+02,1.452624e+02,7.282946e+02,2.192969e+01,9.128551e+00,3.125680e-01,2.721974e+00
9.813575e+01,5.495730e+02,5.547401e+02,1.274564e+01,9.782643e+00,2.856942e-01,1.235918e+00
9.007522e+02,5.071566e+02,4.115554e+02,1.647010e+01,7.742832e+00,1.075660e-01,1.425922e+00
7.023170e+02,7.753558e+02,5.439749e+02,2.491378e+01,1.446233e+01,1.018423e+00,5.709963e-01
3.637075e+02,1.568971e+02,6.130523e+02,8.991658e+00,4.498726e+00,5.217110e-01,2.118644e-01
2.742040e+02,4.649898e+01,7.896602e+02,2.242550e+01,1.052733e+01,3.135556e+00,2.464747e+00
2.589106e+02,4.765570e+02,7.327282e+02,2.695289e+01,1.859354e+01,1.305285e+00,2.519139e+00
3.757527e+02,7.702117e+02,4.128640e+02,2.902391e+01,1.415623e+01,2.369808e+00,1.455874e+00
7.148530e+02,7.364336e+02,4.626515e+02,2.267724e+01,1.274421e+01,2.178109e+00,2.677965e+00
6.580986e+00,3.452410e+02,4.481799e+02,1.065468e+01,6.793845e+00,2.421050e+00,1.965531e+00
2.827029e+02,2.061183e+02,8.595204e+02,3.297059e+01,1.791831e+01,2.865950e+00,5.670292e-01
4.496978e+02,9.286084e+02,4.091774e+02,2.270244e+01,1.244869e+01,9.760293e-01,9.446835e-02
7.903420e+02,4.227440e+02,8.545889e+02,1.796357e+01,9.295330e+00,6.431376e-01,4.077112e-01
7.898106e+02,3.947557e+02,2.259558e+02,1.388117e+01,7.087391e+00,2.289556e-01,9.915058e-01
8.267659e+02,9.929719e+02,3.426334e+02,3.192791e+01,1.808311e+01,1.844745e+00,2.298184e+00
7.021425e+02,4.588227e+02,8.718416e+02,1.529860e+01,7.454070e+00,1.704272e+00,2.428389e+00
8.042215e+02,1.749472e+02,9.016316e+02,3.340869e+01,1.728793e+01,2.023455e+00,4.667425e-01
1.035406e+03,5.380869e+02,9.249580e+02,2.708775e+01,1.233815e+01,1.878689e+00,2.500078e+00
6.150753e+02,1.618710e+02,2.090565e+02,2.803984e+01,1.253913e+01,1.413779e+00,5.194475e-01
4.305750e+02,7.892557e+02,8.761292e+02,1.027890e+01,5.992695e+00,5.106665e-01,2.252845e+00
8.263013e+02,3.331764e+02,5.586311e+02,1.762576e+01,9.938609e+00,2.403069e+00,2.467936e-01
8.669990e+01,1.178770e+02,1.406170e+02,2.212383e+01,1.033855e+01,3.089129e+00,1.237366e+00
7.098703e+02,5.179552e+02,1.984371e+02,1.843306e+01,7.679196e+00,4.497078e-01,2.563005e+00
5.246557e+02,1.651936e+02,6.131162e+01,3.293136e+01,1.495665e+01,2.600307e+00,1.664966e+00
8.898455e+02,5.863453e+02,9.723709e+02,1.176532e+01,6.364864e+00,2.768160e+00,2.976208e+00
7.287139e+02,6.095993e+02,8.529055e+02,1.995918e+01,1.046996e+01,2.213261e-01,9.948820e-01
9.194485e+02,1.034402e+03,5.464046e-01,4.500091e+01,1.967942e+01,1.501258e+00,1.816360e+00
9.052488e+02,6.407445e+02,1.035488e+03,2.442910e+01,1.582958e+01,2.320867e+00,5.976223e-01
5.519534e+02,5.015815e+02,8.382096e+02,2.432089e+01,1.364958e+01,2.305102e+00,1.232325e+00
2.383237e+02,5.210066e+02,9.422917e+02,3.075075e+01,1.882792e+01,2.564310e+00,3.137685e+00
6.057895e+02,8.783544e+02,7.675671e+02,1.882861e+01,8.447476e+00,1.675977e+00,1.079728e+00
6.106543e+02,2.594268e+02,6.979104e+02,3.008912e+01,1.994686e+01,1.761910e+00,2.854359e+00
8.732302e+01,6.547539e+02,6.913480e+02,1.906866e+01,1.117151e+01,1.088644e+00,2.191783e+00
7.633204e+02,9.317267e+02,1.027489e+03,2.059461e+01,1.104161e+01,1.730250e+00,9.352596e-02
8.044044e+02,6.081930e+02,9.710155e+02,2.534327e+01,1.307310e+01,6.629612e-02,1.511977e+00
6.067745e+02,1.776415e+01,1.264191e+02,1.768216e+01,1.015805e+01,2.314635e+00,2.126561e+00
8.956254e+02,4.937091e+02,8.734725e+02,2.186065e+01,1.390467e+01,2.619999e+00,1.264438e+00
2.190377e+02,5.776967e+02,6.588580e+02,1.022351e+01,5.813425e+00,2.627376e+00,4.840913e-01
3.346260e+01,6.429902e+02,3.790824e+02,3.755572e+01,2.133748e+01,1.040507e-01,1.762961e+00
5.181108e+01,5.120902e+02,2.013659e+02,1.663036e+01,1.089638e+01,2.865674e+00,2.982394e+00
1.287456e+02,2.149469e+02,1.532546e+02,1.956052e+01,1.317586e+01,2.982162e-01,3.013715e+00
1.977695e+02,4.461442e+01,6.644170e+02,2.303712e+01,1.209793e+01,2.673206e+00,3.109991e+00
2.948327e+02,5.633721e+02,7.271405e+02,3.771948e+01,1.851044e+01,1.640539e+00,2.626415e+00
5.220754e+02,5.604479e+02,4.656616e+02,1.737087e+01,8.711690e+00,5.141674e-02,2.054853e+00
1.296332e+02,5.129137e+02,8.922361e+02,1.908495e+01,1.032347e+01,4.058220e-01,2.730587e+00
9.141281e+02,2.827279e+02,2.180506e+02,1.392612e+01,8.297958e+00,1.863513e+00,2.713618e+00
5.909686e+02,6.697662e+02,4.362123e+02,1.182980e+01,8.465972e+00,2.267562e+00,2.393657e+00
2.154504e+02,9.915380e+02,8.584648e+01,2.272759e+01,1.443848e+01,1.163182e-01,5.192036e-01
1.193826e+02,1.486310e+02,1.674166e+02,2.485048e+01,1.479480e+01,5.534523e-01,2.496754e-01
6.495227e+02,6.001004e+02,5.447347e+01,2.200927e+01,1.245033e+01,7.302212e-01,1.598739e+00
9.740366e+02,7.621801e+02,7.717824e+02,1.622584e+01,8.473519e+00,2.246279e+00,2.922946e-01
6.632111e+01,9.000208e+02,9.773878e+02,2.942773e+01,1.541689e+01,2.420867e+00,1.375575e+00
1.029681e+03,8.984500e+02,8.216947e+02,2.312886e+01,1.116551e+01,1.851590e+00,9.800873e-01
5.369928e+02,1.857722e+02,4.169246e+02,3.731797e+01,1.922243e+01,2.742418e+00,1.191138e+00
1.400921e+02,3.231047e+01,9.823422e+02,2.675157e+01,1.822968e+01,1.426256e+00,3.127746e+00
3.151661e+02,3.091284e+02,3.482514e+02,1.724440e+01,8.370591e+00,3.091104e+00,2.731590e+00
4.885533e+02,6.780155e+02,2.638868e+01,1.244969e+01,8.012595e+00,8.166929e-01,2.977936e+00
8.895580e+02,5.824251e+02,9.067004e+02,1.039691e+01,6.054003e+00,2.169801e+00,7.989222e-01
3.638816e+02,4.665439e+02,5.673450e+01,1.003934e+01,6.103571e+00,1.874726e+00,1.523410e-01
1.787054e+02,6.967136e+02,3.509029e+02,1.871346e+01,9.278217e+00,8.775376e-01,2.613298e+00
9.398165e+02,1.235903e+02,1.033885e+03,2.334879e+01,1.710970e+01,8.771638e-01,2.163695e+00
5.648213e+02,7.394356e+02,1.045468e+03,3.348351e+01,1.669793e+01,2.148120e+00,1.872458e+00
2.922049e+02,4.473520e+02,4.925776e+02,1.346284e+01,8.205887e+00,2.548715e+00,6.746249e-01
7.845220e+02,8.549526e+02,1.164215e+02,1.399562e+01,8.710806e+00,2.395189e-01,1.681284e+00
1.795857e+02,3.691610e+02,5.110926e+01,1.526100e+01,1.033519e+01,1.160419e+00,1.751612e-01
5.458924e+02,3.512980e+02,1.837498e+02,1.428285e+01,8.859835e+00,2.532869e+00,1.354181e+00
2.185582e+02,9.467906e+02,7.064592e+02,2.299559e+01,1.530463e+01,3.010686e+00,5.992218e-01
4.900177e+02,9.540906e+02,1.087961e+02,1.281818e+01,8.058948e+00,3.121910e+00,1.029737e+00
7.798412e+02,7.701358e+02,5.877071e+02,8.929708e+00,4.140473e+00,1.336975e+00,2.945737e+00
1.807784e+02,6.210084e+02,3.066199e+02,2.112499e+01,1.183711e+01,1.360790e+00,2.662082e+00
1.402926e+02,2.223812e+02,9.361090e+02,2.248759e+01,1.453275e+01,1.063258e+00,8.073379e-01
7.473964e+01,2.536409e+02,5.622709e+01,2.270710e+01,1.052379e+01,1.428381e+00,1.185026e+00
4.620413e+02,1.389423e+01,9.384622e+02,1.780094e+01,8.894474e+00,2.418949e+00,2.304403e+00
2.080617e+02,1.109738e+02,3.193140e+02,1.311951e+01,6.762689e+00,2.374102e+00,2.457430e+00
4.769532e+02,1.144853e+02,1.027989e+03,8.985775e+00,5.324380e+00,3.117697e+00,3.655890e-02
3.473691e+02,3.110248e+02,6.489930e+01,3.042251e+01,1.506659e+01,6.379739e-01,6.965104e-01
3.066891e+02,5.496454e+01,5.302657e+02,1.519553e+01,9.153007e+00,1.179407e+00,2.107123e-01
7.964515e+02,6.600992e+02,9.402667e+01,2.816591e+01,1.736109e+01,2.226353e+00,2.216878e+00
9.549506e+01,8.030888e+02,9.371319e+02,2.772736e+01,1.659043e+01,5.136439e-01,2.751828e+00
5.602826e+02,1.186344e+02,8.727378e+02,2.717607e+01,1.586790e+01,1.017757e+00,8.717362e-01
3.395249e+02,3.158903e+02,7.826644e+02,2.075520e+01,1.048221e+01,2.541587e+00,2.176508e+00
1.081210e+01,5.067592e+01,6.986403e+02,2.214488e+01,1.063213e+01,6.878734e-01,4.367239e-01
6.312275e+02,5.503032e+02,7.632761e+02,1.665283e+01,1.287769e+01,1.031662e+00,1.177372e+00
7.280252e+02,8.076874e+02,3.086205e+02,1.338922e+01,7.821853e+00,1.451410e+00,2.625988e+00
7.243885e+02,5.822766e+02,4.147607e+02,1.659782e+01,1.149142e+01,1.106878e+00,2.185758e+00
6.442384e+01,8.160636e+02,3.531127e+02,1.876405e+01,8.665176e+00,2.310313e-01,2.183091e+00
6.358277e+02,7.753517e+02,1.096347e+02,2.345357e+01,1.030901e+01,1.587111e+00,2.680915e+00
1.312742e+02,5.682277e+02,5.104930e+02,2.176941e+01,1.310478e+01,8.614246e-01,9.254762e-01
9.314376e+02,8.357125e+02,7.681208e+02,2.700929e+01,1.301679e+01,1.783279e+00,2.045076e+00
4.231016e+01,7.276797e+01,7.843742e+01,8.516419e+00,4.280734e+00,8.642871e-02,9.381671e-01
8.350750e+02,9.863865e+02,7.151665e+02,2.573765e+01,1.323080e+01,1.928050e+00,2.967792e+00
1.497273e+02,7.685712e+02,1.094316e+02,1.551089e+01,7.419127e+00,1.330816e+00,2.452921e+00
1.284404e+02,6.742169e+02,3.331794e+02,2.156614e+01,1.054721e+01,2.027256e+00,2.591871e+00
6.838874e+02,7.835915e+02,6.100123e+02,2.410449e+01,1.265466e+01,9.616983e-01,2.312793e+00
7.740738e+02,2.456290e+02,7.687656e+02,1.655129e+01,1.008065e+01,9.135267e-01,2.493396e+00
1.002355e+03,9.008103e+02,9.960766e+01,4.391271e+01,1.948409e+01,1.352504e+00,1.272840e+00
3.832927e+02,3.861819e+02,7.165398e+02,2.839754e+01,1.809033e+01,1.728737e+00,4.103294e-01
6.254470e+02,8.256747e+02,3.845650e+02,1.045661e+01,5.745891e+00,3.847227e-01,5.012612e-01
2.023599e+02,8.259423e+01,7.959975e+02,1.066240e+01,6.093251e+00,4.097424e-01,2.565562e+00
2.079242e+02,3.926673e+02,5.841188e+02,1.452192e+01,6.855893e+00,7.187593e-01,9.598863e-02
2.431661e+02,6.583760e+02,5.029718e+02,1.201244e+01,5.537389e+00,3.359098e-01,1.709000e+00
1.588304e+02,8.179008e+02,1.052342e+02,1.872629e+01,8.515314e+00,2.922849e-01,2.587093e+00
3.075934e+02,2.482922e+02,5.552924e+02,1.653426e+01,7.413097e+00,5.924193e-01,2.979477e+00
1.058974e+02,4.238261e+02,9.924017e+01,1.401013e+01,9.585705e+00,2.147264e+00,1.445976e+00
1.174490e+02,8.205116e+02,3.049826e+02,2.744693e+01,1.409820e+01,1.701118e+00,2.183416e-01
6.312960e+02,1.008786e+03,4.523793e+02,2.102760e+01,1.135937e+01,1.638048e+00,1.641166e+00
7.267108e+02,7.929718e+02,4.525439e+02,1.341362e+01,7.998859e+00,2.958804e+00,6.153037e-01
6.882039e+02,1.053039e+02,9.640204e+02,4.224785e+01,2.225632e+01,2.002769e+00,9.384298e-01
1.960840e+02,2.784231e+02,8.345305e+02,1.847086e+01,1.047795e+01,2.257415e+00,3.065299e+00
5.100335e+02,8.043303e+02,4.142231e+02,1.868844e+01,1.236539e+01,1.333423e+00,5.193557e-01
2.854940e+02,3.894743e+01,7.042665e+02,2.936787e+01,1.802523e+01,7.802384e-01,2.442117e+00
4.493244e+02,4.725192e+02,6.379106e+02,1.914578e+01,1.207400e+01,2.940491e+00,1.072472e+00
6.213585e+01,3.303388e+02,8.082673e+02,1.187055e+01,7.402164e+00,2.519961e+00,1.489438e+00
7.247555e+02,1.229604e+02,1.338442e+02,1.763944e+01,9.733760e+00,2.392743e+00,3.149028e-01
9.660055e+01,8.180027e+00,4.425724e+02,1.567579e+01,8.240429e+00,1.940023e-01,1.890664e-01
6.857295e+02,7.561770e+02,5.556449e+02,8.973287e+00,5.676005e+00,2.848337e+00,2.707174e+00
1.250953e+02,6.576206e+02,1.310609e+02,1.979197e+01,1.388067e+01,2.059716e+00,2.226497e-01
1.404813e+02,1.031294e+02,1.485605e+02,1.365517e+01,8.746915e+00,2.978072e+00,2.773384e+00
1.759909e+02,2.052764e+02,3.320838e+02,1.282743e+01,6.370869e+00,1.712928e+00,1.237285e+00
3.309847e+02,2.275712e+02,2.625898e+02,2.314540e+01,1.111066e+01,9.591873e-01,1.382460e+00
9.339968e+02,7.355715e+02,5.813019e+02,1.684194e+01,1.152914e+01,2.780812e-01,1.101857e+00
1.929176e+02,2.217843e+02,8.090476e+01,1.778951e+01,9.153799e+00,1.324290e+00,1.016334e-01
9.558352e+02,7.392241e+02,5.834473e+02,1.975705e+01,1.145601e+01,1.154640e+00,2.279433e+00
3.278467e+02,1.738489e+02,6.511321e+02,2.441437e+01,1.531596e+01,2.678298e+00,1.110521e+00
1.029924e+03,1.681512e+02,2.785532e+02,2.650961e+01,1.377259e+01,3.091088e+00,2.013951e+00
4.001225e+02,8.160482e+01,7.246600e+02,1.869369e+01,1.272216e+01,1.691846e-01,2.424018e+00
4.318522e+02,1.015086e+03,4.347408e+02,3.120715e+01,2.119038e+01,1.121973e+00,2.127111e+00
6.492229e+02,1.614708e+02,3.988871e+02,1.460009e+01,8.374259e+00,3.138662e+00,1.526413e+00
1.685461e+02,7.929856e+02,9.111822e+02,2.399028e+01,1.972771e+01,1.303815e+00,2.551379e+00
3.669125e+02,7.170704e+02,3.076795e+02,1.965302e+01,1.208355e+01,1.195841e+00,2.387507e-01
5.550383e+02,8.707149e+02,6.249747e+02,1.666208e+01,1.124151e+01,3.285464e-01,8.901028e-02
3.507357e+02,3.129894e+02,4.734118e+02,1.470596e+01,1.080001e+01,1.852321e+00,1.361902e+00
4.481406e+02,3.877823e+02,5.706536e+02,1.940611e+01,1.208584e+01,4.596798e-01,4.507496e-01
7.767025e+02,4.438542e+02,4.491062e+02,3.078091e+01,1.656735e+01,1.183047e+00,2.538523e+00
1.306169e+02,2.555798e+01,3.035338e+02,2.365187e+01,1.343150e+01,2.941638e+00,5.512721e-03
3.248694e+02,6.831902e+02,9.927752e+02,3.745082e+01,1.531847e+01,2.200276e+00,3.022889e-01
9.787745e+02,4.789491e+02,2.515404e+02,1.535275e+01,8.530187e+00,7.632001e-01,1.324731e+00
7.990372e+02,7.942564e+02,7.747179e+02,2.101421e+01,1.309604e+01,2.331437e+00,7.386324e-01
7.778980e+02,1.107928e+02,7.129122e+02,1.837974e+01,9.012633e+00,1.026163e+00,3.004309e+00
4.845706e+02,2.219227e+02,1.030506e+02,2.166158e+01,1.075043e+01,1.162262e+00,1.167062e+00
8.614589e+02,1.830602e+02,1.710941e+02,2.022148e+01,1.272097e+01,1.548158e+00,1.543528e+00
7.023740e+02,9.469450e+02,5.530563e+02,2.320964e+01,1.279089e+01,6.302613e-01,8.404050e-01
7.350266e+02,1.606555e+02,9.973161e+02,2.612213e+01,1.711147e+01,9.034194e-01,1.810438e+00
5.805762e+02,7.191312e+02,3.265897e+01,2.175336e+01,1.246553e+01,9.192082e-01,1.633771e+00
8.464272e+02,7.830553e+02,1.257156e+02,2.173189e+01,1.235545e+01,1.350394e+00,3.075208e+00
5.491972e+02,3.408220e+02,5.715861e+02,2.446819e+01,1.011453e+01,1.502036e+00,2.075778e+00
4.121285e+02,4.481818e+02,1.982405e+02,1.507204e+01,7.420288e+00,2.927713e+00,2.658549e+00
2.671345e+02,2.148042e+01,9.661647e+02,1.445276e+01,9.477853e+00,2.627093e+00,2.737697e-01
6.837701e+02,9.755138e+02,1.710339e+02,1.088176e+01,7.488000e+00,9.109855e-01,1.328504e+00
9.644031e+02,8.428691e+02,5.968643e+02,1.844270e+01,1.116380e+01,3.009881e+00,1.300823e-01
4.602772e+02,2.694640e+02,7.865359e+02,1.304424e+01,6.723222e+00,2.271523e+00,1.891653e+00
2.391883e+02,6.713969e+01,8.026267e+02,2.440726e+01,1.035760e+01,2.716874e+00,2.297907e+00
7.052629e+02,7.560932e+02,6.819802e+02,2.332549e+01,1.388859e+01,1.643838e+00,2.144541e+00
4.383245e+02,4.087371e+02,8.536825e+02,1.734514e+01,9.638065e+00,1.657778e-01,1.917375e-01
3.331211e+02,8.661076e+02,8.273174e+02,1.583888e+01,1.119533e+01,3.015977e+00,2.125296e+00
8.914680e+02,5.288959e+02,6.649018e+02,2.155370e+01,9.907320e+00,2.111804e+00,9.647048e-01
9.946356e+02,4.643865e+02,6.277969e+01,2.340610e+01,1.165623e+01,2.056699e-01,1.094196e+00
9.070705e+02,6.656057e+02,3.857108e+02,2.344050e+01,1.123247e+01,3.076047e+00,2.282366e+00
1.042865e+03,2.344834e+02,6.824638e+02,3.038665e+01,1.484381e+01,9.262830e-01,3.364394e-01
6.421015e+02,4.083230e+02,1.481252e+02,1.897494e+01,1.482747e+01,2.984227e+00,7.932492e-01
2.629120e+01,4.404834e+02,1.925689e+02,4.242291e+01,1.970314e+01,5.448146e-01,1.378941e+00
7.591609e+02,3.873994e+02,8.802719e+02,1.000990e+01,5.470663e+00,2.841881e-03,1.844680e+00
7.680043e+02,5.972931e+02,1.849904e+02,1.693500e+01,1.007845e+01,2.759749e+00,9.644896e-01
1.004418e+03,2.878055e+02,9.530476e+02,1.100331e+01,6.387966e+00,2.672040e+00,1.368066e+00
2.368261e+02,3.855064e+02,1.061939e+02,2.385832e+01,1.112826e+01,1.056860e+00,9.749505e-01
6.812169e+02,1.782007e+02,6.031361e+01,2.595125e+01,1.096890e+01,3.089131e-01,2.877601e+00
7.520737e+02,3.523801e+02,6.807506e+02,2.095198e+01,9.861955e+00,1.973294e+00,2.068486e+00
4.015266e+02,6.562044e+02,2.264571e+01,2.141540e+01,9.147887e+00,1.257946e+00,5.557683e-01
9.524562e+02,8.373844e+02,7.801565e+02,1.890638e+01,1.111998e+01,2.915563e+00,2.026654e+00
8.505160e+02,4.009384e+02,6.456741e+02,1.558109e+01,1.087629e+01,2.766504e+00,1.108754e-01
6.019676e+02,5.544341e+02,2.877230e+02,2.742281e+01,1.574893e+01,1.944900e+00,2.458631e+00
2.588326e+02,4.748830e+02,2.333603e+02,1.330590e+01,8.563053e+00,2.808398e+00,5.667387e-03
8.414543e+02,1.031465e+03,3.137158e+01,1.530069e+01,9.895890e+00,6.567603e-01,1.207991e+00
5.603047e+02,9.108277e+01,8.389876e+02,2.213245e+01,1.268081e+01,8.114663e-01,2.112618e+00
1.034646e+03,7.002579e+01,9.826107e+02,2.015030e+01,1.399453e+01,1.295868e-02,1.240634e-01
1.901370e+01,7.152952e+02,8.197884e+02,2.239956e+01,1.398826e+01,2.841655e-01,1.365837e+00
5.587079e+02,9.260860e+02,9.403591e+02,2.766255e+01,1.521806e+01,1.871824e+00,5.478333e-01
6.547308e+02,1.442110e+02,2.278205e+02,2.359312e+01,1.256014e+01,9.403187e-01,1.832213e+00
1.905196e+02,4.374358e+01,1.118610e+02,1.217067e+01,7.455927e+00,2.436097e+00,6.001566e-01
6.392149e+02,9.871344e+02,3.793523e+02,2.493650e+01,1.404424e+01,2.018127e+00,1.205239e+00
4.295180e+02,1.029629e+03,9.890758e+02,3.120245e+01,1.695965e+01,5.640621e-01,2.771450e+00
7.091289e+02,1.034037e+03,7.945090e+02,1.948513e+01,1.113251e+01,8.901393e-01,5.784805e-03
3.521874e+02,6.928514e+02,2.553969e+02,3.087751e+01,1.514352e+01,4.268006e-01,2.136922e+00
2.970798e+02,7.250200e+02,5.371720e+02,1.996180e+01,1.246601e+01,1.770273e+00,8.875458e-01
4.305268e+02,6.303596e+02,7.850440e+02,3.152321e+01,1.598547e+01,4.531943e-01,2.580531e+00
6.058132e+02,5.910273e+02,6.240219e+02,1.808309e+01,8.010998e+00,2.689371e+00,9.239720e-01
5.353636e+02,8.639199e+01,7.526704e+02,2.683350e+01,1.165195e+01,9.553091e-02,1.225536e+00
1.041979e+03,3.708429e+02,1.015937e+03,1.787940e+01,1.048098e+01,2.671371e+00,2.987908e+00
3.623854e+02,9.273249e+02,4.756108e+02,1.800324e+01,9.070388e+00,7.313643e-01,2.624030e+00
4.324449e+02,2.277477e+02,1.314347e+02,1.551247e+01,9.805296e+00,2.371703e+00,2.796698e+00
3.231247e+02,7.595052e+02,8.188842e+02,1.697713e+01,8.590777e+00,1.771558e-01,2.929815e+00
7.262999e+02,5.205248e+00,8.950263e+02,1.992327e+01,1.429511e+01,2.223137e+00,4.063984e-01
9.526034e+02,8.014976e+02,3.396746e+01,2.505955e+01,1.816906e+01,5.784337e-01,1.094173e+00
3.955827e+02,7.367392e+02,7.630706e+02,1.595564e+01,9.983660e+00,3.124636e+00,2.241873e+00
2.345938e+02,2.814312e+02,7.039906e+02,2.012948e+01,1.491743e+01,1.623260e+00,1.963964e+00
4.994568e+02,6.524074e+02,2.473214e+02,1.201270e+01,6.052198e+00,1.690651e+00,2.618891e+00
1.852714e+02,8.678070e+02,8.022001e+02,2.423738e+01,1.297534e+01,8.529864e-01,6.927334e-01
9.774643e+02,1.128518e+02,1.906100e+02,1.745539e+01,8.242928e+00,1.188329e+00,1.003175e+00
1.139731e+02,5.195070e+02,2.119177e+02,2.412835e+01,1.248675e+01,1.608956e+00,6.892217e-01
9.371026e+02,1.036478e+02,4.619719e+01,2.414538e+01,1.191961e+01,1.619235e+00,8.807562e-02
5.829307e+02,8.080298e+02,3.262893e+02,1.654574e+01,1.047092e+01,1.473199e+00,2.136942e+00
1.872157e+02,3.545476e+02,2.198123e+02,1.201899e+01,5.765145e+00,4.843304e-01,8.989634e-01
5.336195e+02,9.480571e+02,6.578544e+02,2.480730e+01,1.347343e+01,6.758385e-01,9.673208e-02
1.062044e+02,4.088341e+02,5.712898e+01,8.732731e+00,5.230202e+00,2.026870e+00,8.936289e-01
5.243419e+02,4.515803e+02,1.043448e+03,1.712190e+01,7.932444e+00,1.904242e+00,3.556087e-01
8.489363e+02,5.079916e+02,9.355924e+02,4.241126e+01,2.067140e+01,5.728541e-01,2.250116e-01
1.438737e+02,4.079451e+02,9.700146e+02,1.251418e+01,6.961268e+00,2.725933e+00,1.825314e+00
9.596985e+02,7.463984e+02,6.467809e+02,1.678811e+01,8.725618e+00,1.657875e+00,3.443507e-02
3.710963e+02,9.894828e+02,1.273846e+02,1.823157e+01,1.043957e+01,3.061600e+00,2.649937e+00
7.641923e+02,6.762154e+02,8.714770e+02,2.129694e+01,1.316036e+01,8.968770e-01,2.075392e-01
4.166032e+02,7.843140e+02,8.736407e+02,2.385421e+01,1.251714e+01,2.981626e+00,1.520836e+00
3.504664e+02,5.830715e+02,1.036692e+03,3.004149e+01,1.692590e+01,1.908848e+00,5.102032e-01
5.745767e+02,3.456231e+02,6.479672e+02,2.008962e+01,1.152838e+01,2.439408e+00,1.325621e+00
3.772259e+02,7.913090e+02,4.329402e+02,1.772080e+01,9.100252e+00,1.994345e-01,2.711383e+00
5.149930e+02,7.267014e+02,1.017480e+03,1.786880e+01,1.039534e+01,1.857175e+00,2.062173e+00
3.428317e+02,8.763421e+02,7.730695e+02,2.126753e+01,1.208554e+01,2.826672e+00,3.023700e+00
9.958022e+02,3.459752e+01,3.868998e+02,1.157303e+01,5.026772e+00,1.601546e+00,1.243317e+00
6.931359e+02,2.944506e+02,2.409807e+02,1.738520e+01,1.412865e+01,1.673950e+00,1.294115e+00
7.438405e+02,6.533033e+02,6.177767e+02,8.718442e+00,5.315219e+00,2.508799e+00,2.448133e+00
6.908181e+02,4.974219e+01,3.648289e+02,2.983274e+01,1.984701e+01,2.058045e+00,2.833878e+00
4.721022e+02,2.519866e+02,7.479371e+02,2.527937e+01,1.051990e+01,1.454739e+00,2.102704e+00
8.977659e+02,2.843640e+02,7.768607e+02,1.583046e+01,8.898966e+00,1.750863e+00,5.383924e-01
1.441000e+02,8.752120e+02,1.449774e+02,1.870286e+01,8.151622e+00,2.334309e+00,1.004626e+00
6.152670e+02,3.830000e+02,8.438705e+02,2.026636e+01,1.068162e+01,1.615789e+00,8.520184e-01
5.269547e+02,5.121157e+02,9.173930e+02,1.810006e+01,9.702378e+00,3.794490e-01,7.250709e-01
3.693863e+02,4.701180e+02,1.007853e+03,1.345585e+01,8.804341e+00,8.422191e-01,2.206944e+00
4.424350e+01,1.017714e+03,1.979104e+02,1.249771e+01,8.028584e+00,2.905530e+00,9.722301e-01
6.843485e+02,6.172410e+02,6.920402e+02,2.313214e+01,1.264430e+01,1.851646e+00,3.059501e+00
3.839182e+02,6.621412e+02,8.386874e+02,1.773108e+01,1.055965e+01,1.694020e+00,2.709423e+00
2.014332e+01,8.773169e+01,1.019643e+03,1.507094e+01,6.250030e+00,2.944506e+00,1.947075e+00
6.813116e+02,2.418748e+02,4.220517e+02,1.630237e+01,1.060103e+01,8.030821e-01,2.762864e+00
1.217851e+02,2.894813e+02,2.617987e+02,2.259413e+01,1.014398e+01,2.864819e+00,9.648275e-01
3.469218e+02,1.592368e+02,3.640160e+02,1.319870e+01,6.719151e+00,1.750232e+00,1.967252e+00
1.169186e+02,9.248951e+02,1.006472e+02,1.602721e+01,9.127124e+00,2.320647e+00,1.991717e+00
9.728225e+02,4.173749e+02,4.958193e+01,2.646163e+01,1.688412e+01,2.149857e+00,9.462397e-01
3.581227e+02,7.698206e+02,8.312375e+02,1.857157e+01,1.128819e+01,4.388990e-01,1.831404e+00
5.699716e+02,7.177897e+02,9.347398e+02,3.323774e+01,1.997324e+01,3.058305e+00,3.382749e-01
5.731221e+01,3.176298e+02,4.831637e+01,1.828560e+01,1.234388e+01,1.333731e+00,2.508274e+00
2.044687e+02,7.532934e+02,7.549539e+02,1.261890e+01,5.574607e+00,2.394259e-01,2.749323e+00
9.181778e+02,6.092249e+02,7.393581e+01,3.023188e+01,1.858032e+01,3.390601e-01,2.034714e+00
9.721539e+02,8.446846e+02,2.963200e+02,8.376206e+00,5.519749e+00,3.054386e+00,1.730050e-01
5.686717e+02,1.030076e+03,7.485993e+02,2.707875e+01,1.461079e+01,1.791818e+00,2.948579e+00
8.775622e+02,4.531905e+02,4.922735e+02,2.266107e+01,1.222153e+01,1.519981e+00,1.820911e-01
5.736291e+02,2.942129e+02,7.877357e+02,2.263490e+01,1.537394e+01,2.026295e+00,7.827120e-01
5.270666e+02,6.765629e+02,3.219019e+02,2.858550e+01,1.662328e+01,6.855093e-01,1.178468e+00
1.451060e+02,4.974493e+02,3.791324e+02,2.189257e+01,1.143254e+01,2.183102e+00,1.299141e+00
8.365051e+02,8.228973e+02,6.957537e+02,2.758847e+01,1.254664e+01,7.720679e-01,5.189415e-01
1.396450e+02,2.254746e+01,5.855934e+02,2.873606e+01,1.639062e+01,1.990573e+00,2.959298e+00
3.146567e+02,9.826226e+02,1.026025e+03,2.191251e+01,1.043643e+01,3.016360e+00,4.022601e-01
2.943553e+02,8.405705e+02,9.312663e+02,2.125394e+01,1.509271e+01,2.282122e+00,2.373124e+00
6.250128e+02,9.246815e+02,9.871432e+02,2.210105e+01,1.271506e+01,3.046271e+00,2.011108e+00
5.744194e+02,7.618926e+02,6.032892e+02,1.933519e+01,1.020039e+01,2.394336e+00,9.632609e-01
3.777323e+01,4.598668e+02,6.873737e+02,1.432432e+01,1.203071e+01,1.649637e+00,3.635416e-01
5.451783e+02,3.894390e+02,9.802429e+02,2.207947e+01,1.156089e+01,1.403633e+00,3.001944e+00
8.676913e+02,8.881434e+02,3.896708e+02,2.091874e+01,1.245883e+01,2.005473e+00,2.589137e+00
6.204711e+02,9.126900e+02,9.764427e+02,1.988585e+01,1.286090e+01,9.649018e-01,4.781422e-01
6.992136e+02,2.162882e+02,6.839277e+02,2.725459e+01,1.256812e+01,1.393001e+00,1.234301e+00
7.916016e+01,4.308609e+02,7.103063e+02,2.782313e+01,1.442481e+01,2.090007e+00,1.453812e+00
9.766770e+02,8.482537e+02,5.068375e+02,2.657184e+01,1.616535e+01,2.583260e+00,2.317924e+00
7.929292e+02,4.288851e+02,1.010663e+03,3.491958e+01,1.997088e+01,1.002235e+00,2.750947e+00
1.033422e+03,9.038983e+02,4.067724e+02,1.290526e+01,8.860412e+00,2.064168e+00,3.059416e+00
4.756600e+02,2.580348e+02,8.205066e+02,1.789097e+01,1.145252e+01,1.587772e+00,2.274127e+00
9.234481e+02,9.557424e+02,5.839660e+02,1.784807e+01,8.038430e+00,4.946313e-01,1.956944e+00
6.384755e+02,1.585963e+02,9.281564e+02,1.776533e+01,7.419051e+00,9.584263e-01,2.645513e+00
4.610985e+02,2.111114e+02,9.475813e+02,2.658516e+01,1.293500e+01,3.301854e-01,1.187654e+00
7.976645e+02,9.230807e+02,2.980579e+02,2.469556e+01,1.498355e+01,2.735139e+00,2.823292e+00
7.041944e+02,6.948368e+02,1.284645e+02,3.265286e+01,1.681242e+01,2.132986e+00,2.477965e+00
4.235477e+02,2.884631e+02,7.612202e+02,2.036473e+01,1.197169e+01,2.597705e+00,2.855073e+00
2.872325e+02,9.251501e+02,8.606548e+02,1.507068e+01,9.095617e+00,2.972164e+00,1.323899e+00
4.133942e+02,5.292592e+02,7.359872e+02,8.637332e+00,4.078692e+00,1.981101e+00,2.217549e-01
8.727500e+02,6.376727e+02,6.011751e+02,2.272296e+01,9.502767e+00,1.612901e+00,2.851066e+00
3.410401e+02,4.774201e+02,7.466302e+02,3.387296e+01,1.760795e+01,1.746710e+00,1.924976e+00
9.263503e+02,7.474769e+02,1.181521e+01,2.031442e+01,9.599594e+00,3.102106e+00,2.357257e+00
7.058162e+02,4.586802e+02,4.579599e+02,2.284975e+01,1.377086e+01,1.969469e+00,1.823391e+00
1.224205e+02,8.521570e+02,3.397988e+02,1.880635e+01,1.059029e+01,2.676690e+00,3.124384e+00
2.693882e+02,3.550499e+02,3.867355e+02,2.047215e+01,1.165485e+01,1.540168e+00,5.210878e-01
5.716953e+02,5.877685e+02,4.140301e+02,3.278746e+01,1.483822e+01,6.270228e-02,2.226833e+00
4.060010e+02,5.354940e+02,6.974075e+02,2.142030e+01,1.240362e+01,7.660189e-01,5.237125e-01
1.007540e+03,7.683260e+02,4.142326e+02,1.490167e+01,8.032730e+00,1.728112e+00,2.492254e-01
8.701374e+02,1.405179e+02,6.324824e+01,1.124932e+01,5.587775e+00,3.190822e-01,1.992012e+00
8.812242e+01,1.714376e+02,3.391340e+02,1.570625e+01,9.069722e+00,1.490095e+00,1.732528e+00
3.156062e+02,1.221832e+01,5.647407e+02,7.515672e+00,4.708530e+00,5.483058e-01,2.426169e+00
9.975984e+01,1.532545e+02,6.601737e+02,2.815144e+01,1.573856e+01,1.022221e+00,1.724185e-01
8.988492e+02,1.019036e+03,5.970970e+02,1.608693e+01,9.729038e+00,3.467888e-01,1.465316e-01
1.043954e+03,5.734543e+02,5.289493e+02,2.107390e+01,1.239057e+01,1.345345e+00,1.830009e+00
3.458934e+02,4.497819e+02,5.144293e+02,2.053065e+01,9.838980e+00,2.258776e+00,2.393092e+00
7.430479e+01,9.285752e+02,6.760674e+01,2.623964e+01,1.443011e+01,2.411539e+00,5.820126e-01
4.562495e+02,8.646545e+02,4.126833e+02,2.388912e+01,1.152833e+01,2.912838e+00,1.683782e+00
6.416947e+02,8.562982e+02,9.270019e+02,2.000327e+01,1.353341e+01,2.378041e+00,1.802320e+00
9.739428e+02,1.995607e+02,2.704770e+02,2.266872e+01,1.244017e+01,1.044574e+00,1.900472e+00
9.391542e+02,6.291642e+02,5.323286e+02,1.971081e+01,1.304973e+01,2.766359e+00,1.281505e-01
6.511927e+02,8.456603e+02,5.536685e+02,2.914503e+01,1.579562e+01,1.651252e+00,8.486158e-01
2.062295e+02,4.875971e+02,4.552770e+02,1.770057e+01,1.157472e+01,8.398743e-01,5.621843e-01
1.010491e+03,6.485776e+02,7.273779e+02,1.406262e+01,7.262756e+00,5.284687e-01,1.657907e+00
7.532922e+02,3.628524e+02,5.407720e+02,2.500380e+01,1.205198e+01,1.414068e-01,2.309307e+00
5.823026e+02,1.636940e+02,5.879106e+02,1.928411e+01,1.113094e+01,5.365053e-01,2.882829e+00
7.267642e+02,4.460725e+02,8.747389e+02,2.954936e+01,1.560495e+01,2.908409e+00,9.612785e-02
7.650309e+02,3.765925e+02,4.751061e+02,2.023141e+01,9.716973e+00,3.412511e-01,2.589357e+00
4.060398e+02,8.211470e+02,7.817785e+02,2.107386e+01,1.039662e+01,2.620557e+00,2.662167e+00
4.500706e+02,7.256652e+02,9.886933e+02,2.301693e+01,1.236550e+01,4.769409e-01,1.475404e+00
8.117344e+02,7.394400e+02,1.229049e+02,1.028989e+01,7.359577e+00,2.688814e+00,1.163391e+00
4.026892e+02,6.254668e+02,4.879021e+02,2.211281e+01,1.280691e+01,1.880455e+00,2.376197e-01
5.944037e+01,2.342285e+02,8.732449e+02,1.660455e+01,1.270518e+01,6.213073e-01,5.339359e-01
2.384286e+01,8.921879e+02,8.025727e+01,2.455797e+01,1.405992e+01,2.505516e+00,2.111039e+00
6.998185e+02,5.232210e+02,2.280215e+02,1.597223e+01,7.647116e+00,2.473645e+00,1.853946e+00
5.979100e+02,1.278099e+02,7.020399e+02,2.580435e+01,1.304809e+01,3.002894e-01,2.097919e+00
6.306820e+02,5.421664e+01,5.482294e+01,2.407564e+01,9.595440e+00,5.386191e-01,1.414532e+00
1.595157e+02,2.052364e+01,4.551936e+02,1.915439e+01,1.066361e+01,1.893790e+00,2.487966e+00
8.840211e+02,6.446096e+02,5.376848e+02,1.292983e+01,6.334267e+00,1.021327e+00,1.431932e+00
9.036062e+02,1.021920e+02,9.498226e+02,9.983687e+00,5.315232e+00,8.397002e-01,2.810045e+00
1.228549e+02,5.538320e+02,1.467132e+02,2.953783e+01,1.853493e+01,2.479658e+00,2.279430e-01
5.851016e+02,4.790287e+00,8.019494e+02,7.817184e+00,4.209041e+00,1.937148e+00,1.996279e+00
8.877499e+02,9.589950e+02,1.032369e+03,1.660483e+01,9.804535e+00,2.156591e+00,2.540360e+00
5.283692e+02,2.839070e+02,1.053850e+02,2.823322e+01,1.766994e+01,2.191051e+00,1.008760e+00
5.451039e+02,6.044680e+02,7.990995e+02,2.459891e+01,1.460151e+01,2.928029e+00,1.684119e+00
8.307122e+01,6.834061e+02,5.495248e+02,2.236754e+01,1.246683e+01,3.775820e-01,2.720870e+00
1.789162e+02,9.817315e+02,6.176454e+02,2.676883e+01,1.042359e+01,1.906589e+00,1.678289e+00
4.609039e+02,9.852472e+02,6.860859e+02,1.422711e+01,8.345260e+00,1.538965e+00,2.493206e+00
4.733507e+02,8.904874e+02,5.542001e+02,9.982304e+00,6.011668e+00,1.664106e+00,1.841706e+00
5.814015e+02,7.091437e+02,3.713678e+02,1.637706e+01,9.914663e+00,6.970224e-01,2.769336e+00
2.502980e+02,6.055540e+02,9.067639e+02,9.058790e+00,4.900959e+00,2.350480e+00,1.392279e+00
4.254885e+02,1.177954e+02,4.642627e+02,1.673828e+01,7.745476e+00,8.110144e-01,2.926830e-01
3.139929e+02,4.198506e+02,8.716983e+02,1.731556e+01,1.129652e+01,6.255350e-01,2.920098e+00
4.117511e+02,4.062153e+02,3.624100e+02,9.468655e+00,8.019045e+00,2.737971e+00,1.314984e+00
1.467071e+02,2.720962e+02,9.080860e+01,1.354260e+01,7.418837e+00,8.540577e-02,1.654685e+00
4.491496e+02,2.691178e+02,3.112429e+02,3.129307e+01,1.476175e+01,1.141661e-01,2.170663e+00
4.380445e+02,1.209891e+02,5.072348e+02,1.116289e+01,9.367270e+00,1.375998e+00,1.717110e-01
7.487124e+02,2.475472e+02,8.075599e+02,1.922459e+01,9.339248e+00,2.063638e-01,1.069428e+00
7.749770e+01,4.120021e+02,3.550253e+00,2.469711e+01,1.128205e+01,3.076833e+00,2.490619e+00
2.308280e+02,1.360395e+00,1.978819e+02,1.322779e+01,6.976138e+00,1.975748e+00,2.056207e-02
1.534960e+02,2.796471e+02,1.959245e+02,2.665855e+01,2.026550e+01,2.061915e+00,1.702803e-01
1.450268e+02,6.264343e+02,9.425066e+02,3.003067e+01,1.619620e+01,1.030147e+00,8.610281e-01
9.825912e+02,2.313589e+02,5.048743e+02,9.939690e+00,4.964167e+00,1.493827e+00,1.123053e+00
3.878888e+02,5.564233e+02,2.771688e+02,2.386705e+01,1.150156e+01,5.102519e-02,2.453762e+00
7.150165e+01,4.563981e+02,1.818503e+02,2.083859e+01,1.020668e+01,6.284070e-01,5.932740e-01
1.626968e+01,1.004583e+03,4.499811e+02,1.193449e+01,5.826587e+00,2.697041e+00,1.276993e+00
1.005790e+03,7.974856e+02,7.686700e+00,2.572453e+01,1.193725e+01,2.121835e-01,2.180123e+00
7.112655e+02,7.489193e+02,6.655323e+02,1.492380e+01,9.801345e+00,9.762454e-01,2.605890e+00
5.777161e+02,2.281417e+02,8.078951e+02,1.723969e+01,8.092876e+00,2.596912e+00,1.715860e+00
2.385176e+02,3.879245e+02,9.319115e+02,2.120106e+01,1.546848e+01,1.922241e+00,2.866198e+00
8.894310e+02,4.224713e+02,3.452277e+02,1.916827e+01,1.028745e+01,2.873302e+00,2.882815e+00
6.366327e+02,9.520642e+02,9.509167e+02,2.162227e+01,1.115883e+01,2.777515e+00,1.943207e+00
6.308332e+02,3.370147e+02,9.011269e+02,1.991901e+01,9.278050e+00,7.706736e-01,2.860331e+00
4.616892e+02,9.495374e+02,3.816554e+01,1.738514e+01,1.098582e+01,3.010280e+00,2.808148e+00
5.479466e+02,7.458654e+02,1.903934e+02,2.011645e+01,1.059746e+01,1.420932e+00,1.084769e+00
3.378827e+02,1.851694e+02,3.257479e+02,2.748345e+01,1.242433e+01,2.791488e+00,3.130237e+00
4.224341e+02,5.738003e+02,5.098057e+01,1.239112e+01,6.335360e+00,1.460371e+00,2.796850e+00
5.842220e+02,2.947630e+02,2.491639e+02,1.064556e+01,5.181989e+00,1.838527e+00,1.142961e+00
2.543299e+02,1.612508e+02,1.000412e+03,1.385664e+01,7.530401e+00,3.669070e-02,2.459542e+00
9.787018e+02,8.563753e+02,7.617619e+02,7.878981e+00,4.671185e+00,2.288447e+00,1.031459e+00
1.926043e+02,3.704368e+02,1.845236e+02,2.155216e+01,1.015280e+01,1.304705e+00,4.923111e-01
1.253523e+00,3.309748e+02,7.317994e+02,3.099542e+01,1.539351e+01,3.727107e-01,2.323156e+00
6.540169e+02,5.680430e+02,4.592329e+02,1.905151e+01,8.882190e+00,1.873195e+00,1.984659e+00
3.006489e+02,5.247354e+02,7.965773e+02,2.553211e+01,1.479900e+01,1.472735e-02,1.884653e+00
8.121207e+02,5.941515e+02,7.776778e+02,1.264536e+01,6.785369e+00,2.951384e+00,7.557478e-01
6.752291e+02,1.288876e+02,5.276002e+02,1.062377e+01,4.979909e+00,2.172135e+00,8.870185e-01
3.632353e+02,9.638648e+01,1.546505e+02,2.647471e+01,1.698253e+01,8.538788e-01,2.509305e+00
2.072855e+02,7.031947e+02,4.513607e+02,2.547848e+01,1.272160e+01,2.367936e+00,1.843942e+00
7.263465e+02,2.685967e+02,1.020755e+01,1.472042e+01,7.443481e+00,2.068211e+00,9.479843e-01
5.567681e+02,2.922440e+02,9.897567e+02,2.433293e+01,1.071358e+01,8.913016e-01,9.302624e-01
9.481397e+02,4.107481e+02,2.599857e+01,2.399367e+01,1.006313e+01,1.682683e+00,7.075037e-01
7.110522e+02,8.625016e+02,1.012883e+03,3.858945e+01,1.750086e+01,1.891744e-01,1.587892e+00
5.955180e+01,4.710387e+02,6.092639e+02,1.661247e+01,1.077003e+01,2.128201e+00,1.775115e+00
7.219109e+02,7.532145e+02,6.773398e+02,1.560123e+01,1.111664e+01,2.899323e+00,2.164427e-01
7.603526e+02,3.910447e+02,6.083349e+02,1.327994e+01,8.951117e+00,1.465989e+00,5.149167e-01
1.178898e+02,4.759881e+01,1.022160e+03,3.306675e+01,1.616217e+01,1.158651e+00,1.603842e+00
2.979256e+02,6.223431e+02,1.006420e+03,1.359888e+01,7.977823e+00,2.882078e+00,1.701296e+00
1.943241e+02,2.019196e+02,3.573597e+02,2.377968e+01,1.527238e+01,3.635777e-02,1.602325e+00
9.758112e+02,4.086382e+02,2.857847e+02,1.916700e+01,1.066296e+01,2.919278e+00,3.830123e-01
1.589366e+02,4.153758e+02,3.919597e+02,1.030636e+01,5.661770e+00,2.178435e+00,4.893016e-01
1.317044e+02,4.476240e+02,8.672501e+01,6.292019e+00,4.256586e+00,2.579992e+00,1.285371e+00
6.428998e+02,1.148413e+01,5.996304e+02,8.034036e+00,4.329798e+00,2.694660e+00,2.179176e+00
8.260574e+02,2.461936e+02,4.686286e+02,2.133496e+01,1.374544e+01,3.473875e-01,2.452867e+00
5.955487e+02,6.422591e+01,5.191182e+02,1.385054e+01,8.542419e+00,2.214821e+00,1.999194e+00
6.718617e+02,2.314440e+02,8.755610e+02,2.859803e+01,1.365434e+01,1.733111e+00,1.827795e+00
1.015745e+03,8.853060e+02,5.292754e+02,1.178946e+01,6.922416e+00,1.635600e+00,3.062216e+00
2.917039e+02,7.809616e+02,2.478292e+02,1.591124e+01,9.592934e+00,9.856174e-01,1.663908e+00
1.010909e+03,6.476034e+02,6.132952e+02,3.394033e+01,1.503841e+01,5.070999e-01,9.059437e-01
1.805443e+02,9.450269e+01,2.670043e+02,2.042752e+01,9.597660e+00,1.004454e+00,6.164078e-01
8.980648e+02,9.529761e+02,7.318169e+02,9.044952e+00,4.598193e+00,2.108218e+00,6.766141e-01
7.585407e+02,2.404608e+02,6.025519e+02,1.330178e+01,6.879293e+00,1.646040e+00,1.374960e+00
8.479170e+02,4.224202e+02,1.033907e+03,1.374923e+01,8.583812e+00,1.909461e+00,1.781125e+00
1.062367e+02,3.388275e+02,5.477200e+02,1.509218e+01,9.073499e+00,2.388600e+00,2.876390e+00
7.183602e+01,7.481342e+02,5.942194e+02,2.721186e+01,1.319411e+01,5.147893e-01,9.930493e-01
5.537105e+02,8.681616e+02,8.982619e+02,3.350284e+01,1.796282e+01,1.553083e+00,8.828601e-01
8.210933e+02,3.362107e+02,4.698100e+02,1.970371e+01,1.158033e+01,2.402338e+00,1.944328e+00
7.894158e+02,1.276905e+02,1.170429e+02,3.475407e+01,1.440751e+01,9.450271e-01,6.925478e-01
2.894921e+02,5.605593e+02,1.003169e+03,2.597278e+01,1.538411e+01,2.635374e+00,5.404087e-01
7.430875e+02,3.262055e+02,3.048642e+02,2.019241e+01,1.211368e+01,2.135679e+00,5.157731e-02
8.894738e+02,9.535832e+02,6.686829e+02,1.610828e+01,9.397398e+00,1.031891e+00,1.622110e+00
2.705891e+02,8.689327e+01,8.848244e+02,6.102134e+00,5.087505e+00,1.691005e+00,7.590627e-03
6.116157e+02,9.917217e+02,6.383626e+01,2.577234e+01,1.294374e+01,2.632079e+00,1.746733e+00
6.115348e+02,2.982231e+02,8.658079e+02,2.149663e+01,1.006186e+01,7.633344e-01,1.745891e+00
1.997718e+02,4.628863e+02,4.115084e+02,1.068753e+01,5.357565e+00,6.121097e-02,2.316366e-01
8.730425e+02,7.210747e+02,2.243273e+02,2.409969e+01,1.583706e+01,1.908450e+00,1.246927e+00
3.327375e+02,1.399663e+02,7.023502e+02,1.250136e+01,8.278160e+00,1.692668e+00,2.425951e+00
5.972567e+02,1.775764e+02,1.544479e+02,3.217008e+01,1.542176e+01,7.110979e-01,1.798673e+00
5.083399e+02,9.612413e+02,5.849605e+02,1.104221e+01,6.592481e+00,2.890080e+00,1.266279e+00
3.445513e+01,5.634062e+01,8.420961e+02,2.186393e+01,1.010900e+01,2.940516e+00,1.644065e+00
4.721381e+02,4.002480e+02,8.259673e+02,7.157777e+00,4.647600e+00,1.535075e+00,1.233031e+00
3.810441e+02,5.568380e+02,7.443929e+02,1.584538e+01,7.943448e+00,2.191662e+00,2.105656e-01
9.115644e+02,3.438093e+02,6.800235e+02,1.425651e+01,8.985869e+00,1.622902e+00,2.445789e+00
1.019679e+03,7.946186e+01,6.140220e+02,3.866388e+01,2.269946e+01,8.960876e-01,2.401150e+00
4.403320e+02,3.226234e+02,2.784682e+02,2.455365e+01,1.475262e+01,2.968957e-02,1.786089e+00
7.936695e+02,1.040996e+03,1.951537e+02,2.795341e+01,1.276690e+01,9.203287e-01,1.930391e+00
8.154143e+02,2.192666e+02,1.040356e+03,3.310487e+01,1.601884e+01,2.093823e+00,1.849991e+00
8.391656e+02,4.437411e+02,7.623916e+02,1.580928e+01,8.313959e+00,4.872370e-01,1.937196e+00
5.223534e+02,8.560771e+02,3.659292e+02,1.514575e+01,6.887220e+00,7.086729e-01,7.532827e-01
7.661263e+01,6.181771e+02,9.520565e+02,2.092487e+01,1.317642e+01,2.757131e+00,2.485263e+00
2.053038e+02,4.661335e+02,7.941165e+02,2.341173e+01,1.694134e+01,1.902949e+00,2.216854e+00
4.098697e+01,9.898559e+02,7.988023e+02,1.766309e+01,8.977835e+00,2.032026e+00,2.318107e+00
5.845263e+02,1.922997e+02,5.208545e+02,1.337019e+01,7.168073e+00,2.173444e-01,4.348523e-01
5.313799e+02,1.043733e+03,9.001444e+02,1.690325e+01,9.052429e+00,6.865814e-01,1.724817e-02
9.956764e+02,6.982445e+02,4.358360e+02,2.567696e+01,1.607973e+01,2.450424e+00,2.320121e+00
9.662833e+02,5.115035e+02,2.566018e+02,2.397103e+01,1.174256e+01,1.976305e+00,2.547161e+00
4.236947e+02,7.384483e+02,5.979296e+02,1.750367e+01,8.820347e+00,2.218480e-01,1.774125e+00
7.914357e+02,1.041273e+03,1.006703e+03,1.714866e+01,1.151767e+01,2.064713e+00,1.749302e-01
5.596802e+02,1.008208e+03,1.209447e+02,7.809438e+00,4.251858e+00,1.632558e+00,1.015037e+00
5.381491e+01,3.183490e+02,6.068807e+02,2.766188e+01,1.270243e+01,2.976752e+00,2.933037e+00
5.425094e+02,9.349020e+02,5.723717e+02,1.218162e+01,6.680176e+00,6.550431e-02,2.679018e+00
4.518517e+02,5.676297e+02,7.451859e+02,2.682242e+01,1.117613e+01,2.289335e+00,2.157560e+00
1.744175e+01,8.377632e+02,1.490648e+02,2.860757e+01,1.531209e+01,1.251981e+00,5.253928e-01
5.004843e+02,2.686498e+02,3.860699e+02,2.985441e+01,1.675650e+01,2.159048e+00,2.135228e+00
7.021476e+02,1.679609e+02,2.916317e+02,1.343127e+01,8.954435e+00,2.296098e-01,2.499730e-01
1.928311e+02,1.924849e+02,3.272466e+02,2.261917e+01,1.219770e+01,2.381470e+00,1.762445e+00
9.208334e+02,4.927726e+02,4.225520e+02,2.369931e+01,1.178313e+01,1.593497e-01,1.442122e+00
1.874761e+02,1.013496e+03,4.261987e+02,2.829432e+01,1.197806e+01,2.018191e+00,2.089371e+00
8.833338e+02,6.436301e+02,3.939352e+02,2.223225e+01,1.365437e+01,1.573231e+00,1.363811e+00
9.175321e+02,8.209556e+02,4.863422e+02,2.446678e+01,1.365695e+01,1.665326e+00,9.645593e-02
8.514199e+02,9.397726e+02,4.489835e+02,2.095675e+01,1.120792e+01,2.319286e+00,1.389868e+00
3.497086e+02,6.240929e+02,9.434824e+02,7.406006e+00,3.817538e+00,8.625822e-01,1.467333e+00
7.343615e+02,3.948180e+02,7.687639e+02,2.324604e+01,1.182540e+01,7.478110e-01,3.262346e-02
9.979915e+02,5.677825e+02,5.649507e+02,1.099361e+01,4.882886e+00,2.387432e+00,1.864693e+00
3.254207e+02,7.451136e+01,1.903516e+02,2.931037e+01,1.435246e+01,3.016226e+00,9.476016e-01
9.726642e+01,4.848098e+02,9.761808e+00,9.801609e+00,5.777938e+00,5.221527e-01,2.594749e+00
9.485421e+02,6.574236e+02,1.290178e+01,1.848012e+01,7.384083e+00,1.189388e+00,2.877439e+00
3.178300e+01,2.180599e+02,4.758946e+02,1.189758e+01,7.003219e+00,3.041136e-01,8.399143e-01
1.331203e+02,9.045482e+00,7.605253e+02,1.892972e+01,9.636948e+00,2.936014e+00,9.299649e-01
3.704058e+02,8.163465e+02,4.567428e+02,3.367549e+01,1.493494e+01,2.522435e+00,2.905145e-01
4.618064e+02,6.216031e+01,5.186833e+01,2.404633e+01,1.057799e+01,2.294008e+00,2.280268e+00
9.529078e+01,6.213627e+02,2.521739e+02,1.542414e+01,9.798121e+00,2.496666e+00,2.253968e+00
8.800721e+02,8.966446e+02,1.007938e+03,3.146396e+01,1.746076e+01,1.801922e+00,1.950515e+00
5.032188e+02,2.430306e+02,2.408742e+02,3.260181e+01,1.990205e+01,1.136283e+00,1.181600e+00
5.750755e+02,8.041545e+02,3.600956e+02,2.396777e+01,1.323600e+01,5.068446e-01,1.981313e+00
4.824484e+02,6.687327e+02,9.595335e+02,9.973218e+00,5.520590e+00,2.784615e+00,1.625104e+00
1.792753e+02,7.485464e+02,6.024856e+02,1.728320e+01,1.150384e+01,2.833712e+00,2.042683e+00
4.555340e+02,9.382388e+02,4.222757e+02,1.249039e+01,6.399204e+00,2.383156e+00,2.737126e+00
1.872080e+02,6.624669e+02,6.527046e+02,2.336915e+01,1.190434e+01,1.136603e+00,1.039927e+00
3.430269e+02,8.399017e+02,1.045454e+03,1.153994e+01,6.426168e+00,1.558936e+00,1.751579e+00
1.026103e+03,1.328806e+02,2.429232e+02,1.859614e+01,1.076541e+01,2.069321e+00,8.989328e-02
2.921304e+01,6.432966e+02,1.305453e+02,1.112495e+01,6.332888e+00,9.078159e-01,6.938695e-01
4.262026e+02,9.247443e+02,5.733469e+02,2.281798e+01,1.831923e+01,4.494273e-01,2.467999e+00
3.772665e+02,2.173406e+02,4.496163e+02,2.305784e+01,1.507654e+01,9.680288e-01,9.139023e-01
1.015134e+03,1.407209e+02,4.958745e+02,1.473914e+01,9.206829e+00,1.091519e+00,1.796468e-01
9.076604e+02,5.745762e+01,7.130069e+02,2.312682e+01,1.223658e+01,4.383730e-01,2.195662e+00
1.024019e+03,2.962982e+02,1.399344e+02,4.312580e+01,2.258567e+01,6.793334e-01,2.005383e+00
7.237768e+02,9.411780e+02,6.516012e+02,2.140012e+01,1.233748e+01,1.746165e+00,2.034838e+00
9.334767e+02,1.931834e+02,7.952895e+02,2.497914e+01,1.244190e+01,1.607985e-01,2.772779e+00
3.621887e+02,4.378822e+02,1.628829e+02,2.269570e+01,1.183672e+01,1.311152e+00,5.154427e-01
8.566746e+02,6.536700e+02,7.725342e+02,2.922641e+01,1.404416e+01,2.235495e+00,2.094401e+00
8.421476e+02,7.031490e+01,9.945267e+02,2.613321e+01,1.421865e+01,2.762318e+00,1.203860e+00
5.204656e+02,7.898826e+02,7.765557e+02,1.851453e+01,9.877401e+00,1.889603e+00,2.177839e+00
8.693615e+02,1.637009e+02,4.783449e+02,1.943138e+01,9.630436e+00,1.460753e+00,9.555881e-01
6.465331e+02,9.750638e+02,8.735023e+02,2.734697e+01,1.472588e+01,2.561720e+00,2.040880e+00
9.366130e+02,6.093144e+02,6.095532e+02,1.109793e+01,5.186256e+00,1.011985e+00,1.129513e+00
8.833611e+02,4.276362e+01,9.250954e+02,3.010155e+01,1.792323e+01,1.182462e+00,2.867859e+00
4.330943e+02,4.341895e+01,7.718535e+02,2.761783e+01,1.399285e+01,4.335892e-01,1.221365e+00
1.619509e+02,1.505281e+02,6.338332e+02,1.965996e+01,1.087447e+01,2.053321e+00,2.130068e+00
2.661870e+02,3.390653e+02,4.202733e+02,1.562592e+01,7.944059e+00,8.008540e-02,2.364563e+00
4.250665e+02,4.039559e+02,6.378527e+02,2.573556e+01,1.587392e+01,7.341473e-01,6.264142e-01
1.656942e+02,2.016127e+02,1.114241e+02,1.092380e+01,5.287524e+00,3.074935e+00,2.130996e+00
3.446042e+02,8.133389e+02,2.323194e+02,1.613066e+01,1.351347e+01,2.962589e+00,2.485002e+00
7.744223e+02,7.246881e+02,8.619858e+02,2.985494e+01,1.798157e+01,3.082103e+00,2.281463e+00
8.730717e+02,3.008973e+02,3.234675e+02,2.017672e+01,8.277034e+00,2.103735e-01,5.503956e-01
5.348611e+02,3.514401e+02,8.833954e+02,2.836269e+01,1.233582e+01,6.134194e-01,3.242629e-01
8.475684e+02,5.826202e+02,2.750604e+02,1.461792e+01,7.827548e+00,1.330169e+00,2.568395e+00
7.118722e+02,2.444012e+02,4.774209e+02,7.826696e+00,4.971999e+00,1.687275e+00,3.079062e+00
4.022570e+02,5.633771e+02,1.037322e+03,1.553867e+01,9.194128e+00,1.455428e+00,2.361485e+00
7.899605e+02,1.025556e+03,2.455826e+02,1.876438e+01,1.128584e+01,1.966352e+00,2.858035e+00
5.528728e+02,5.380211e+01,7.916917e+02,3.146993e+01,1.572420e+01,1.578837e+00,1.911706e+00
6.296708e+02,8.965985e+02,1.033738e+03,2.813379e+01,1.225118e+01,2.487441e+00,1.442624e+00
9.722408e+02,4.283526e+02,3.571695e-01,1.913562e+01,1.056134e+01,2.231636e+00,1.442416e-01
5.657587e+02,2.172862e+02,2.293706e+02,3.696661e+01,2.015271e+01,1.788838e+00,1.883912e+00
3.407934e+02,1.003631e+02,7.819202e+02,2.407357e+01,1.333378e+01,4.935404e-01,2.454916e+00
7.829404e+02,5.682912e+02,3.536864e+02,2.061814e+01,9.420447e+00,1.965391e+00,2.569987e+00
8.706210e+02,5.779905e+02,1.001590e+03,2.652394e+01,1.496291e+01,2.908591e+00,7.008340e-01
9.215216e+02,3.827643e+02,5.771147e+02,2.817574e+01,1.456409e+01,3.088805e+00,2.302484e+00
3.560371e+02,6.387379e+02,8.316082e+02,1.504570e+01,9.548275e+00,2.271917e+00,2.128615e+00
7.801851e+02,1.313109e+02,8.602241e+02,2.013663e+01,9.827391e+00,5.892322e-01,3.053936e+00
1.774572e+01,4.422238e+02,7.696929e+02,1.672405e+01,1.107530e+01,2.702184e+00,1.293081e+00
8.159571e+02,3.700521e+02,7.832448e+02,8.842346e+00,4.481434e+00,4.054536e-01,1.609340e-01
9.333115e+02,2.537631e+02,1.355584e+02,1.601373e+01,1.004825e+01,2.335685e+00,9.904516e-01
2.364453e+02,3.621185e+02,2.962089e+02,3.030048e+01,1.122986e+01,1.504146e-01,9.888432e-01
9.701525e+02,5.367419e+01,6.199294e+02,2.019536e+01,1.053670e+01,2.041091e+00,1.547978e+00
1.703922e+02,8.769724e+02,1.752687e+02,1.134591e+01,6.970071e+00,1.870414e-01,1.747688e-01
5.253018e+02,1.045299e+03,3.717559e+02,6.539348e+00,3.644799e+00,2.889519e+00,2.983973e-01
4.924328e+01,2.234890e+02,4.161397e+02,1.467022e+01,6.680953e+00,5.394885e-01,7.510866e-01
3.490169e+02,2.401642e+02,9.791817e+02,2.310927e+01,1.247126e+01,2.766060e-01,2.458095e+00
7.146155e+02,1.006371e+03,4.581199e+02,1.277860e+01,8.975700e+00,9.567494e-01,2.729511e+00
9.835921e+02,6.102704e+00,6.383812e+02,1.056330e+01,5.108413e+00,2.109878e+00,1.960304e+00
8.379252e+02,2.436987e+02,9.753622e+02,1.657077e+01,9.233249e+00,6.422776e-01,1.044653e+00
7.983729e+02,8.644662e+02,5.998429e+02,1.852671e+01,1.163336e+01,3.062455e+00,8.521505e-01
8.290404e+02,3.441771e+02,2.337412e+02,2.763367e+01,1.238855e+01,1.242804e-01,1.004492e-01
3.267561e+02,6.114116e+02,8.680902e+02,1.866976e+01,9.814362e+00,1.545007e+00,2.731088e+00
3.038238e+02,4.210719e+02,9.017119e+02,2.079447e+01,1.334178e+01,2.013550e+00,7.780053e-01
6.526713e+02,1.038753e+03,1.997005e+02,1.026791e+01,4.467173e+00,1.272396e+00,3.095794e+00
8.679896e+02,6.952804e+02,2.513967e+02,2.345844e+01,1.090613e+01,1.793283e-01,4.008244e-01
4.976718e+02,4.174327e+02,6.270124e+02,7.586493e+00,5.088179e+00,1.980262e+00,1.674323e+00
8.373468e+02,1.099019e+02,8.592285e+02,1.710842e+01,8.953529e+00,6.741268e-01,1.189397e+00
8.680802e+02,3.721714e+02,4.555162e+02,1.734514e+01,8.414759e+00,1.978290e+00,2.462291e+00
5.916070e+02,7.409780e+02,7.857887e+02,8.291024e+00,5.049116e+00,1.239550e+00,2.871699e+00
7.804645e+02,3.942699e+02,4.395239e+02,1.016991e+01,5.190693e+00,2.501046e+00,1.134506e+00
1.000337e+03,5.993281e+02,8.888093e+02,1.304775e+01,7.185542e+00,2.761576e+00,2.862129e+00
2.890572e+02,6.509505e+02,6.154263e+02,2.720815e+01,1.519414e+01,2.450685e+00,3.742319e-01
1.020274e+03,1.015551e+02,5.125630e+02,1.190192e+01,7.597559e+00,2.206914e+00,1.094144e-01
5.455828e+02,9.431364e+01,9.462811e+02,2.344816e+01,1.058613e+01,1.321581e+00,2.841592e+00
9.250708e+02,4.591832e+02,8.176819e+02,2.522979e+01,1.274499e+01,2.022733e+00,2.924009e+00
1.552944e+02,6.483275e+02,2.726124e+02,1.959408e+01,1.066220e+01,2.460150e-01,1.853528e+00
4.661564e+02,8.828235e+02,2.052303e+02,1.351975e+01,7.103504e+00,1.196161e+00,1.773368e-01
3.178288e+02,5.055261e+02,3.533514e+02,2.198956e+01,9.837577e+00,1.375041e+00,2.771386e+00
8.352162e+02,1.032912e+03,1.663637e+02,2.441849e+01,1.367009e+01,1.278476e+00,2.668832e+00
2.477763e+02,7.345395e+02,3.927434e+02,2.135641e+01,1.285846e+01,8.601247e-01,1.786749e+00
1.018495e+03,1.017032e+03,6.733082e+02,2.790294e+01,1.424879e+01,7.268107e-01,1.446972e+00
8.996634e+02,4.203700e+02,6.609996e+02,2.500871e+01,1.193624e+01,2.318175e+00,2.123874e-01
1.019483e+03,5.758880e+02,9.661463e+02,2.574999e+01,1.476319e+01,2.762717e+00,1.203900e+00
7.393188e+02,4.933095e+02,6.812384e+02,1.144028e+01,7.629638e+00,2.426843e+00,2.326043e+00
9.321058e+02,1.980993e+02,4.072393e+02,1.839759e+01,1.330899e+01,1.125724e-01,1.640940e+00
1.037815e+03,4.208598e+02,6.891639e+02,3.333135e+01,2.163471e+01,1.741436e+00,1.560615e+00
9.288449e+02,1.040835e+03,6.973505e+02,2.735474e+01,1.206929e+01,1.847805e+00,2.608146e+00
1.134245e+02,3.777528e+01,6.465234e+02,1.437216e+01,6.785518e+00,7.734240e-01,5.270403e-02
5.932330e+02,1.006215e+03,7.804263e+02,2.159009e+01,1.410907e+01,1.251567e+00,8.295645e-01
6.929918e+02,5.473857e+02,2.718494e+02,1.422160e+01,7.912050e+00,2.534574e+00,4.457955e-01
9.932086e+02,5.683639e+02,3.770918e+01,2.010878e+01,1.040147e+01,9.482445e-01,1.035800e-01
7.283449e+02,5.436231e+02,6.174596e+01,2.599764e+01,1.557924e+01,1.538232e+00,9.089062e-01
9.309779e+02,3.453915e+02,2.402675e+02,2.026731e+01,1.045440e+01,2.454486e+00,2.808163e+00
1.191903e+02,3.252252e+02,2.389402e+02,2.269605e+01,1.372497e+01,1.413644e+00,5.124078e-01
6.819890e+02,6.920349e+01,2.881012e+02,1.415667e+01,9.156483e+00,2.617702e+00,3.106968e+00
2.947840e+02,9.205493e+02,4.647696e+02,1.403504e+01,8.841012e+00,2.125836e+00,4.124986e-01
7.906862e+02,6.310480e+02,8.192962e+02,2.230869e+01,1.106969e+01,2.721532e-01,1.468065e+00
1.271706e+02,1.009233e+03,8.844252e+02,2.582884e+01,1.491966e+01,3.081018e+00,1.162890e+00
4.169256e+01,4.782343e+02,3.450284e+02,2.736329e+01,1.568751e+01,1.779487e+00,2.065791e+00
6.591946e+02,2.408929e+02,6.065597e+02,2.459481e+01,1.337684e+01,6.524440e-01,2.744385e+00
6.162443e+02,6.317470e+02,4.695653e+02,1.581727e+01,9.990576e+00,3.003635e-01,9.263789e-01
3.705294e+01,5.374503e+02,4.264857e+02,1.315532e+01,7.728955e+00,1.964170e-01,8.571052e-01
1.130162e+02,4.810299e+02,4.716234e+02,1.797710e+01,8.867946e+00,8.099660e-02,2.541266e-01
5.764928e+02,8.424529e+02,7.330892e+02,2.669471e+01,1.259716e+01,1.049691e+00,5.854227e-01
9.123583e+02,5.459299e+01,2.297867e+02,2.812603e+01,1.528182e+01,1.749260e+00,2.387640e+00
4.807855e+02,1.002626e+03,8.263874e+02,2.588386e+01,1.354281e+01,2.657597e+00,2.857621e+00
4.726608e+02,3.487659e+02,6.181370e+01,1.514910e+01,9.248802e+00,1.969006e+00,2.025143e+00
7.719402e+02,5.352208e+02,2.073380e+02,2.967539e+01,1.727525e+01,1.884527e+00,1.625615e+00
4.432653e+02,1.839187e+02,7.759734e+02,1.932376e+01,1.111758e+01,6.617330e-01,2.204126e+00
3.852950e+02,9.851414e+02,1.796248e+01,7.679033e+00,3.856391e+00,7.976970e-01,1.416048e-01
8.671925e+02,6.554142e+02,5.635289e+02,1.083192e+01,6.080810e+00,2.048236e+00,2.796807e+00
6.662012e+02,7.467589e+02,8.812311e+01,2.074271e+01,9.600967e+00,1.033323e+00,2.113097e+00
9.179423e+02,1.502280e+01,3.078405e+02,1.330287e+01,8.469238e+00,1.643599e+00,5.179638e-01
1.861266e+02,9.681735e+02,7.987336e+01,1.571714e+01,8.139441e+00,3.918086e-01,1.578853e+00
6.078235e+02,6.664602e+02,6.812277e+02,1.529842e+01,9.144708e+00,1.422187e+00,1.670760e+00
9.043946e+02,5.852635e+01,8.544305e+02,1.676046e+01,9.030803e+00,3.118332e+00,1.960362e+00
5.635188e+02,7.279976e+02,2.323720e+02,2.475625e+01,1.315669e+01,1.254214e+00,3.030281e+00
5.682708e+02,7.348362e+02,1.000431e+03,1.441810e+01,1.139955e+01,1.945014e-01,1.788113e+00
4.649911e+02,8.932613e+01,5.997779e+01,1.749748e+01,9.763454e+00,9.203649e-01,1.814810e+00
6.584052e+02,8.328033e+02,7.229861e+02,1.275374e+01,7.682331e+00,1.735013e+00,2.945205e+00
3.611920e+02,9.903702e+02,5.441191e+02,4.287469e+01,1.798267e+01,2.325178e+00,1.933971e-01
9.976884e+02,7.698104e+01,2.165554e+02,2.872089e+01,1.346206e+01,1.000297e+00,2.070299e+00
8.242363e+02,9.435286e+02,8.248081e+02,7.053929e+00,3.910725e+00,1.551501e+00,3.122684e-01
3.091288e+02,1.588306e+02,8.869144e+02,1.283821e+01,7.592318e+00,1.975021e+00,1.912190e+00
8.348309e+02,2.777018e+02,2.472025e+02,1.723144e+01,9.628499e+00,2.366079e+00,2.526947e+00
3.357903e+02,8.677216e+02,8.600026e+02,1.700925e+01,8.886441e+00,2.179911e+00,1.015217e-01
5.969343e+02,5.981338e+02,2.991751e+02,1.520626e+01,7.150410e+00,4.300229e-01,1.639701e+00
7.312937e+02,8.328858e+02,4.619022e+02,2.431068e+01,1.332696e+01,2.849305e+00,9.350886e-01
4.607612e+02,4.733441e+02,2.927120e+02,1.833350e+01,8.826423e+00,1.190276e+00,2.075487e+00
7.064426e+02,9.452331e+02,9.503181e+02,3.332373e+01,1.885023e+01,1.663857e+00,1.877784e+00
7.815680e+02,2.724950e+02,7.213612e+02,2.140385e+01,9.895275e+00,3.105826e+00,1.933615e-01
1.378949e+02,1.291819e+02,1.996844e+02,1.870149e+01,1.082533e+01,3.010303e+00,2.799674e+00
1.640765e+02,6.138290e+02,6.756698e+01,1.075295e+01,6.951528e+00,2.568711e+00,2.994988e+00
8.601532e+02,7.561565e+02,9.684475e+02,2.975280e+01,1.377983e+01,1.331707e+00,5.682394e-01
5.153000e+02,6.850075e+02,9.310692e+02,1.103595e+01,5.248618e+00,2.569749e+00,2.310492e-01
5.632978e+02,2.951866e+02,1.020852e+03,7.538167e+00,4.415898e+00,1.396425e+00,3.103993e+00
3.573224e+01,3.454541e+02,1.026399e+03,2.203453e+01,1.305163e+01,1.194623e+00,1.344306e+00
3.818241e+02,3.233705e+02,1.264744e+02,2.010456e+01,9.037245e+00,2.221845e+00,2.384414e+00
9.578909e+02,1.417102e+02,3.473953e+02,1.901198e+01,1.076608e+01,7.505771e-01,2.900212e+00
9.387640e+02,5.226326e+02,6.435915e+02,2.128081e+01,1.118917e+01,5.521824e-01,2.739832e+00
6.099571e+02,7.303736e+02,3.068163e+01,2.537474e+01,1.172546e+01,7.481601e-01,3.026499e+00
5.521653e+02,3.354820e+01,8.651909e+02,2.342101e+01,1.260750e+01,8.909293e-01,9.323000e-01
3.457015e+02,8.912001e+02,2.590258e+02,2.763692e+01,1.739472e+01,1.277017e-01,2.230652e+00
6.082398e+02,9.808100e+02,4.998551e+01,2.160935e+01,1.217830e+01,1.732327e+00,2.830882e+00
5.646063e+01,2.156646e+01,7.128265e+02,2.829254e+01,1.307547e+01,2.960948e+00,2.746382e+00
6.261654e+02,1.192754e+02,8.328726e+02,1.893606e+01,1.142643e+01,2.475062e+00,2.603128e+00
6.462717e+02,7.344335e+01,7.246581e+01,1.802741e+01,8.348856e+00,7.584817e-01,1.106137e-01
1.301822e+02,8.374335e+02,8.269927e+01,2.794326e+01,1.547502e+01,2.186472e+00,2.846710e+00
2.425181e+02,2.664567e+02,1.009450e+02,1.208839e+01,7.625827e+00,4.793288e-02,1.972708e+00
8.978370e+02,7.303170e+02,7.674943e+02,9.271387e+00,5.773654e+00,2.414463e+00,1.798864e+00
6.804550e+02,5.400190e+02,3.414020e+02,1.450041e+01,6.917427e+00,1.042672e+00,2.319083e+00
6.862850e+02,1.306928e+02,1.504093e+02,2.105282e+01,1.085662e+01,1.012630e+00,1.596625e+00
1.647113e+01,9.959363e+02,1.016718e+03,1.751725e+01,9.112132e+00,2.404692e+00,2.716933e+00
1.295581e+02,4.889109e+02,6.869019e+02,1.776516e+01,1.229119e+01,1.206890e+00,4.405718e-01
3.035341e+02,7.892453e+02,5.837915e+02,2.412991e+01,1.110058e+01,6.868361e-01,2.064453e+00
4.474711e+02,2.794850e+02,7.884079e+02,3.338367e+01,1.841309e+01,1.769729e+00,1.862945e+00
9.342466e+02,7.607499e+02,4.176212e+02,1.072599e+01,5.467011e+00,6.931400e-01,1.612789e+00
9.814784e+02,2.671771e+02,5.576887e+02,3.723897e+01,1.681941e+01,5.109394e-01,7.684961e-01
9.986736e+02,2.800639e+02,2.615885e+02,1.813986e+01,1.184049e+01,1.255506e+00,3.058358e+00
9.627822e+02,7.336990e+01,3.050604e+02,2.322886e+01,1.181919e+01,6.407260e-02,2.878372e+00
6.187964e+02,2.126509e+02,6.651338e+02,1.683970e+01,1.132464e+01,1.329742e+00,2.048348e+00
8.350953e+02,5.247793e+02,6.807495e+02,5.049308e+00,3.809465e+00,1.028337e-02,3.471518e-01
8.325689e+02,2.441090e+02,6.284775e+02,1.256020e+01,5.709770e+00,1.409319e-01,1.616747e+00
1.176356e+02,5.394909e+02,8.763814e+02,3.669127e+01,1.962555e+01,5.941509e-01,1.511271e+00
9.640698e+02,5.129657e+02,2.966658e+02,1.511749e+01,7.689265e+00,6.325167e-01,2.141683e-01
6.762952e+02,9.484988e+02,5.384716e+02,1.832270e+01,1.163195e+01,1.886054e+00,1.221587e+00
1.019004e+03,2.063538e+02,1.162995e+02,2.297723e+01,1.181311e+01,7.279776e-01,2.529621e+00
3.110326e+02,4.146538e+02,4.401104e+02,1.241548e+01,7.597460e+00,1.779863e+00,2.471352e+00
3.258032e+02,7.257600e+02,9.609794e+01,1.263932e+01,6.382244e+00,1.730231e+00,3.769196e-01
4.205847e+02,3.087591e+02,3.205956e+02,5.740598e+00,3.557411e+00,1.061878e+00,1.294262e+00
1.104169e+02,6.211437e+02,2.957330e+02,2.757416e+01,1.413514e+01,3.109936e+00,2.507201e+00
1.623618e+02,6.889663e-01,2.966408e+02,1.527844e+01,5.900058e+00,4.660843e-01,7.939435e-01
5.761482e+02,9.109637e+02,4.419708e+01,2.582880e+01,1.244653e+01,2.674399e+00,1.845621e+00
9.463392e+02,1.369989e+02,8.720805e+02,2.078517e+01,1.207673e+01,2.472999e+00,1.154015e-01
8.372899e+02,9.601026e+02,1.436196e+02,1.333315e+01,7.470537e+00,1.647140e+00,2.141404e+00
5.340053e+02,4.111810e+02,1.850601e+02,1.913779e+01,1.332835e+01,5.918435e-02,2.597531e+00
5.899447e+02,6.274808e+02,2.323393e+02,2.174076e+01,1.157355e+01,8.276580e-01,2.198834e+00
5.438491e+02,1.034688e+03,5.124513e+02,3.325343e+01,1.556396e+01,3.137162e+00,1.105124e+00
7.268374e+02,4.303472e+02,3.637647e+01,1.878269e+01,8.681499e+00,2.232229e+00,1.536702e+00
3.063018e+02,8.383081e+02,3.624411e+02,1.461248e+01,8.719779e+00,6.851510e-01,8.926114e-01
8.714848e+01,5.346173e+02,3.837077e+02,2.491896e+01,1.278709e+01,2.015686e+00,8.355711e-01
7.734956e+02,5.488782e+02,8.415288e+02,2.396234e+01,1.240219e+01,3.803471e-01,2.403087e+00
8.544891e+02,1.981872e+02,1.293834e+02,1.562220e+01,8.381039e+00,1.748866e+00,1.835882e+00
8.587623e+02,6.672409e+02,1.686131e+01,6.829127e+00,4.121985e+00,2.475475e+00,1.691925e+00
9.371685e+02,5.390823e+02,5.695699e+02,1.510339e+01,9.144160e+00,1.302196e+00,3.112297e+00
6.307212e+02,7.982017e+02,8.817480e+02,3.026739e+01,1.636149e+01,2.628395e-01,2.416381e+00
4.004804e+02,8.854305e+01,7.676315e+02,1.980344e+01,1.141551e+01,1.844450e+00,1.841281e+00
3.472608e+02,8.783780e+02,3.888226e+02,1.680060e+01,9.698318e+00,2.008315e+00,2.484539e+00
8.663132e+02,1.846385e+02,1.354778e+02,2.064761e+01,1.035744e+01,3.931852e-01,1.724498e+00
9.203582e+02,4.610677e+01,7.183091e+02,3.019404e+01,1.477827e+01,2.718300e+00,2.400803e-01
7.675265e+02,4.572824e+02,3.973115e+02,2.448794e+01,1.335505e+01,1.532420e+00,1.490109e+00
1.024722e+03,4.173471e+02,4.604355e+02,7.446159e+00,3.851632e+00,8.671356e-01,2.669498e+00
1.518298e+02,3.455504e+02,3.199641e+02,1.585652e+01,7.245755e+00,9.785170e-01,1.266311e+00
9.356477e+02,2.583873e+02,3.249703e+02,9.468597e+00,5.603554e+00,2.094081e+00,7.439215e-01
4.276769e+02,7.405794e+02,1.502449e+02,2.388472e+01,1.225117e+01,1.571104e+00,1.701136e+00
9.114029e+02,8.698107e+01,4.829778e+02,2.751603e+01,1.386185e+01,1.395302e+00,1.158956e+00
3.178692e+01,7.878478e+02,7.322446e+02,1.625386e+01,9.120071e+00,1.022848e+00,2.382966e+00
2.243798e+02,7.111803e+02,5.829281e+02,2.237754e+01,1.253846e+01,1.777902e+00,2.416001e+00
8.898101e+02,5.842595e+02,9.432553e+02,2.123609e+01,1.152007e+01,4.782357e-02,1.087960e+00
4.388155e+02,3.746023e+02,5.114809e+02,1.014086e+01,6.171664e+00,1.736778e+00,3.039343e+00
2.701887e+02,9.599051e+02,4.782257e+02,1.505505e+01,6.692714e+00,2.939978e+00,1.117801e+00
