0.0010                    3.7934417890702237E-16
0.001584893192461114      3.7809388936032836E-16
0.0025118864315095794     3.7741926399748515E-16
0.003981071705534973      3.7666405649084505E-16
0.00630957344480193       3.7565633604966315E-16
0.01                      3.7460152926049244E-16
0.01584893192461114       3.736534168087564E-16
0.025118864315095808      3.727938711425464E-16
0.039810717055349734      3.720057484075178E-16
0.06309573444801933       3.712411907918233E-16
0.1                       3.7045997344260404E-16
0.15848931924611143       3.696950410252302E-16
0.25118864315095824       3.689316588355921E-16
0.3981071705534973        3.6814972409021587E-16
0.6309573444801937        3.673852134879659E-16
1                         3.6661628350157627E-16
1.5848931924611143        3.658263929507773E-16
2.5118864315095824        3.6504559942513373E-16
3.981071705534973         3.642393990634362E-16
6.309573444801936         3.6339094671110335E-16
10                        3.6252110961212727E-16
15.848931924611142        3.615938513934668E-16
25.11886431509582         3.6063837427527923E-16
39.81071705534978         3.597237076147983E-16
63.09573444801943         3.5881369652449257E-16
100                       3.57884069024928E-16
158.48931924611142        3.569135526617458E-16
251.18864315095823        3.558029711224038E-16
398.1071705534977         3.544894944365866E-16
630.9573444801943         3.528807132527873E-16
1000                      3.5087916997532556E-16
1584.893192461114         3.4861076848282856E-16
2511.886431509582         3.461380547486583E-16
3981.0717055349774        3.433905642869746E-16
6309.573444801943         3.4053685397244264E-16
10000                     3.3763975179789796E-16
15848.93192461114         3.3458554673278346E-16
25118.864315095823        3.314922023701067E-16
39810.71705534977         3.2835944723767247E-16
63095.73444801943         3.2513520248524536E-16
100000                    3.221077573790674E-16
158489.31924611173        3.1934463930387244E-16
251188.6431509582         3.1660176906169934E-16
398107.1705534969         3.1370273374056074E-16
630957.3444801943         3.104646188537153E-16
1000000                   3.071545869356906E-16
