0.0010                    1.0802685624622343E-17
0.001584893192461114      7.538391344169281E-18
0.0025118864315095794     5.684165253763188E-18
0.003981071705534973      4.8053867480475174E-18
0.00630957344480193       4.304414567241503E-18
0.01                      3.850536980166456E-18
0.01584893192461114       3.45647067585114E-18
0.025118864315095808      3.155274433028005E-18
0.039810717055349734      2.944056427007354E-18
0.06309573444801933       2.831435521095768E-18
0.1                       2.7613833192899426E-18
0.15848931924611143       2.7083703902149076E-18
0.25118864315095824       2.6956892044707643E-18
0.3981071705534973        2.6876487375385325E-18
0.6309573444801937        2.682776638520961E-18
1                         2.711846004421437E-18
1.5848931924611143        2.7437428556367827E-18
2.5118864315095824        2.7893891614839318E-18
3.981071705534973         2.8762875973475587E-18
6.309573444801936         2.9678742036478972E-18
10                        3.072255525090015E-18
15.848931924611142        3.1874143995388314E-18
25.11886431509582         3.257781792869661E-18
39.81071705534978         3.333048182882363E-18
63.09573444801943         3.4826343353560705E-18
100                       3.715193977619885E-18
158.48931924611142        4.093128921199202E-18
251.18864315095823        4.6465098610015395E-18
398.1071705534977         5.352548744572451E-18
630.9573444801943         6.209614386751369E-18
1000                      7.073151224488512E-18
1584.893192461114         7.810835802242527E-18
2511.886431509582         8.507173366718524E-18
3981.0717055349774        9.090492217511205E-18
6309.573444801943         9.473674106629136E-18
10000                     9.820971569844236E-18
15848.93192461114         1.0096845091272015E-17
25118.864315095823        1.022591146005282E-17
39810.71705534977         1.0312244647711581E-17
63095.73444801943         1.0204935892864876E-17
100000                    9.859099994228205E-18
158489.31924611173        9.589636008593843E-18
251188.6431509582         9.49379505133376E-18
398107.1705534969         9.47361856669476E-18
630957.3444801943         9.239171250419592E-18
1000000                   8.216056790337884E-18
