0.0010                    5.0977074386060774
0.001584893192461114      5.080908551670624
0.0025118864315095794     5.071849197035324
0.003981071705534973      5.061715552285729
0.00630957344480193       5.048205883121062
0.01                      5.03409083534912
0.01584893192461114       5.02143474776197
0.025118864315095808      5.00996921160728
0.039810717055349734      4.999440469880893
0.06309573444801933       4.989202936410511
0.1                       4.978723347691439
0.15848931924611143       4.968452047631566
0.25118864315095824       4.95819635131705
0.3981071705534973        4.947689005895544
0.6309573444801937        4.937414877793409
1                         4.927080970312145
1.5848931924611143        4.9164652079113385
2.5118864315095824        4.905971647291371
3.981071705534973         4.8951366051266305
6.309573444801936         4.883733702559589
10                        4.872043393707096
15.848931924611142        4.8595813643006185
25.11886431509582         4.846740082918225
39.81071705534978         4.834447280372069
63.09573444801943         4.822217047452257
100                       4.80972317716117
158.48931924611142        4.796679774994227
251.18864315095823        4.781753945867694
398.1071705534977         4.764101277117832
630.9573444801943         4.74247981973345
1000                      4.715579778986154
1584.893192461114         4.6850932602761235
2511.886431509582         4.651860860055063
3981.0717055349774        4.614935561967787
6309.573444801943         4.576582711985307
10000                     4.537646695601502
15848.93192461114         4.496599278142735
25118.864315095823        4.455025848925945
39810.71705534977         4.412922759224149
63095.73444801943         4.369590089690899
100000                    4.328902342761015
158489.31924611173        4.2917670585041305
251188.6431509582         4.254903901421565
398107.1705534969         4.215941948527527
630957.3444801943         4.172422900730827
1000000                   4.127937327055225
