0.0010                    0.14514231723865031
0.001584893192461114      0.10126118300180785
0.0025118864315095794     0.07632086877478902
0.003981071705534973      0.06447849481078069
0.00630957344480193       0.0577035483817205
0.01                      0.05156211794619812
0.01584893192461114       0.046247117244756296
0.025118864315095808      0.04221594609603266
0.039810717055349734      0.03941640214544952
0.06309573444801933       0.037944865547715555
0.1                       0.037038464489331235
0.15848931924611143       0.03635158024747657
0.25118864315095824       0.036198429438383244
0.3981071705534973        0.03610158873037908
0.6309573444801937        0.03604326778671193
1                         0.036438483822243344
1.5848931924611143        0.03687002933161721
2.5118864315095824        0.037485305143650775
3.981071705534973         0.03865432779162579
6.309573444801936         0.039885936749136736
10                        0.041289236705872645
15.848931924611142        0.04283721578751167
25.11886431509582         0.04378310730828668
39.81071705534978         0.04479477316085323
63.09573444801943         0.04680522881450429
100                       0.04993079269048385
158.48931924611142        0.05501013294130246
251.18864315095823        0.062447394873120086
398.1071705534977         0.07193631831877209
630.9573444801943         0.08345498232459396
1000                      0.09506061139402412
1584.893192461114         0.10497482590311999
2511.886431509582         0.1143333473516747
3981.0717055349774        0.1221729334916412
6309.573444801943         0.12732274749395764
10000                     0.13199028572919477
15848.93192461114         0.1356979094633448
25118.864315095823        0.13743249668243177
39810.71705534977         0.13859276439498247
63095.73444801943         0.13715055407624246
100000                    0.13250262809354205
158489.31924611173        0.12888111487783485
251188.6431509582         0.1275930313124319
398107.1705534969         0.12732184902120808
630957.3444801943         0.1241709449430006
1000000                   0.11042065314048397
