895
7
1.000570e+03,1.473054e+03,4.509897e+02,4.965355e+01,3.175249e+01,5.303952e-01,1.305260e+00
5.851819e+02,1.153200e+03,1.022088e+03,6.817039e+01,4.153448e+01,4.143379e-02,1.072672e+00
4.946852e+02,8.548460e+02,1.392875e+03,1.005713e+01,9.148279e+00,1.084993e+00,7.947519e-01
3.457624e+02,6.313457e+02,1.465151e+03,2.517125e+01,1.590442e+01,1.209285e+00,1.418063e-02
6.025615e+02,8.149204e+02,1.258306e+03,4.400585e+01,3.254127e+01,1.115332e+00,1.099664e+00
1.093686e+03,1.440667e+03,1.658202e+03,5.518279e+01,3.336778e+01,9.291875e-01,1.814134e+00
1.779624e+02,1.741470e+03,1.822614e+03,3.967442e+01,2.315404e+01,8.540613e-01,2.098032e+00
6.263082e+02,8.765132e+01,9.155717e+02,4.282910e+01,2.878827e+01,2.446051e+00,3.067947e+00
2.855485e+02,6.232145e+02,3.348901e+02,2.384128e+01,1.660804e+01,1.413040e-01,1.036376e+00
1.798135e+03,1.324538e+03,1.896946e+03,3.442272e+01,2.468625e+01,2.323064e+00,2.958735e+00
1.968308e+03,1.173042e+03,1.017657e+03,4.688016e+01,3.017169e+01,1.646208e+00,2.583550e-01
1.662919e+03,5.751793e+02,3.723105e+02,2.948938e+01,1.670134e+01,1.581622e+00,1.861664e+00
6.282319e+00,1.398299e+02,1.394194e+03,5.112698e+01,3.010082e+01,3.063473e+00,7.152288e-01
1.940953e+03,3.950085e+02,2.295414e+02,2.414686e+01,1.409424e+01,6.267879e-01,3.044620e+00
1.500225e+03,1.767095e+03,1.166072e+03,1.672632e+01,1.081796e+01,1.652715e+00,1.858337e+00
1.978494e+03,9.267089e+02,1.414744e+03,3.782026e+01,2.871127e+01,3.400549e-02,1.621708e+00
1.061514e+03,1.067056e+03,6.143669e+02,1.301030e+01,8.556076e+00,1.438690e+00,3.087238e+00
1.321448e+03,1.182453e+03,5.658929e+02,5.424976e+01,3.869348e+01,2.400650e-01,9.324713e-01
1.255151e+03,3.198443e+02,5.573411e+02,5.115906e+01,2.777073e+01,1.220560e+00,7.281232e-01
1.222713e+03,6.409818e+02,1.766421e+03,3.662885e+01,2.083319e+01,2.510094e+00,9.231657e-01
1.847933e+03,1.329472e+03,5.290615e+02,3.179328e+01,2.231488e+01,2.978938e+00,3.500746e-01
1.574575e+03,1.798197e+03,1.004814e+03,2.180539e+01,1.347747e+01,6.704909e-01,1.670595e+00
1.118356e+03,9.079611e+02,7.740388e+02,4.493140e+01,2.662861e+01,1.205857e+00,4.086630e-01
1.971820e+03,3.027524e+02,1.493434e+03,4.627594e+01,2.826873e+01,5.222065e-01,3.118830e+00
1.139944e+03,2.118690e+01,7.802359e+01,4.927487e+01,2.942931e+01,2.800887e+00,2.060062e+00
7.688056e+02,2.254931e+02,2.837606e+02,5.239632e+01,3.064443e+01,2.745834e-01,2.753254e+00
2.712285e+02,7.996963e+02,1.696721e+03,2.525247e+01,1.570311e+01,2.556572e+00,5.963873e-01
9.490535e+02,8.563449e+02,1.492919e+03,2.845496e+01,1.906900e+01,2.174738e+00,1.893469e+00
7.148809e+02,1.871473e+03,1.769664e+03,3.966973e+01,2.323170e+01,2.709844e+00,3.825568e-02
1.400658e+03,6.976767e+02,1.760547e+03,3.838144e+01,1.948190e+01,5.693403e-01,2.628511e+00
1.217625e+03,6.181499e+02,6.064783e+02,3.198869e+01,1.924966e+01,1.566291e-01,2.501127e+00
1.325324e+03,1.752673e+03,2.832706e+01,4.379409e+01,2.800099e+01,4.818699e-01,1.460477e-01
1.292799e+03,7.578274e+02,1.083832e+03,4.788340e+01,2.934374e+01,2.513466e+00,1.970095e+00
1.864805e+03,8.602873e+02,8.604825e+02,1.646577e+01,1.099218e+01,2.066059e+00,1.887037e+00
1.082606e+03,2.645713e+02,1.228439e+03,2.002394e+01,1.187450e+01,2.394718e+00,1.896187e+00
1.847387e+03,1.359997e+03,6.827293e+01,3.165435e+01,1.842005e+01,2.941191e-01,9.877520e-01
4.953874e+02,5.210754e+02,1.487773e+03,3.756968e+01,2.431609e+01,2.642947e+00,2.083142e-01
3.186641e+02,1.900130e+03,2.701972e+02,2.476846e+01,1.372508e+01,6.296937e-01,3.052413e+00
5.011308e+02,7.446461e+02,1.222635e+03,2.449620e+01,1.507322e+01,6.944892e-01,1.124612e+00
1.134184e+03,1.025859e+03,1.923925e+03,3.829512e+01,2.167362e+01,2.888333e+00,2.539484e+00
5.124149e+02,7.439156e+02,5.083632e+02,3.725639e+01,2.943154e+01,1.092974e+00,2.940570e+00
1.745922e+03,7.171422e+02,1.767592e+03,4.144908e+01,2.148286e+01,1.225862e+00,1.153319e+00
1.229874e+03,3.063931e+02,2.525573e+02,4.410277e+01,2.482209e+01,2.521880e+00,6.809296e-01
1.137385e+03,2.139985e+02,1.652078e+03,3.724432e+01,2.687187e+01,1.288918e+00,2.440544e+00
1.132644e+03,1.826405e+03,5.548241e+02,3.629769e+01,2.401075e+01,5.665261e-01,1.002392e+00
8.268611e+02,1.714869e+03,1.410942e+03,4.912189e+01,3.028376e+01,3.948123e-01,3.131116e+00
1.481557e+02,3.709087e+02,3.383233e+02,4.432375e+01,2.578698e+01,6.761591e-01,2.184099e+00
2.939711e+02,1.967007e+03,1.132459e+03,4.537157e+01,2.613291e+01,8.068168e-01,1.048541e+00
5.618727e+02,1.262206e+03,1.028802e+03,1.540090e+01,1.166010e+01,4.966619e-01,2.738693e+00
1.745347e+03,9.670375e+02,1.028338e+03,4.350828e+01,3.257798e+01,7.761838e-02,1.307763e+00
1.255532e+03,1.896154e+03,3.552571e+02,2.823943e+01,1.996570e+01,2.959119e+00,2.446902e+00
1.248142e+03,1.817596e+03,1.242176e+02,3.853461e+01,2.603317e+01,1.695292e+00,2.277295e+00
5.989702e+02,1.407810e+02,1.932186e+03,3.142640e+01,2.000397e+01,4.501826e-01,1.664027e+00
5.811300e+02,8.524754e+02,5.093634e+02,4.825851e+01,2.717379e+01,2.326191e+00,8.921721e-01
4.320092e+02,6.680616e+02,3.585100e+02,1.050239e+01,7.682781e+00,2.815399e+00,4.040546e-01
7.410889e+02,1.143906e+03,1.888923e+03,4.312130e+01,2.699736e+01,2.445584e+00,2.890693e+00
9.503367e+02,1.346143e+03,1.249099e+03,3.255095e+01,1.949194e+01,3.031893e+00,1.313200e+00
9.470891e+02,3.098510e+02,2.422278e+02,5.213324e+01,3.120262e+01,1.911569e+00,2.545661e+00
1.901802e+03,1.214577e+03,1.921735e+03,1.502658e+01,1.060036e+01,6.361641e-01,2.876895e+00
6.787923e+02,1.994137e+02,1.259111e+03,5.658644e+01,3.500304e+01,2.932839e+00,1.026365e+00
1.361242e+03,1.026564e+03,6.469978e+02,4.303078e+01,3.149258e+01,7.647322e-01,3.521359e-01
1.751837e+03,1.718067e+03,1.390782e+03,2.021843e+01,1.218867e+01,6.035240e-01,2.277925e+00
1.783478e+03,1.366274e+03,8.802606e+02,5.474440e+01,3.561017e+01,2.020813e+00,2.674780e-01
1.389168e+03,9.408011e+02,1.939807e+03,4.303950e+01,2.420004e+01,9.342188e-01,1.825965e+00
3.619015e+02,6.977871e+01,1.297565e+03,2.122034e+01,1.246477e+01,3.697390e-01,2.342068e+00
7.523553e+02,1.172580e+02,1.168330e+03,6.460767e+01,3.773103e+01,5.730862e-02,2.311776e+00
1.503513e+03,2.286877e+02,1.949657e+03,2.294725e+01,1.648705e+01,2.534665e+00,2.855472e+00
1.765423e+03,8.872404e+02,1.173864e+03,3.372600e+01,2.407947e+01,1.866492e+00,4.097603e-01
1.967190e+03,7.415563e+02,1.258449e+03,3.015746e+01,2.037979e+01,5.378965e-01,8.252407e-01
1.244389e+03,3.345461e+02,1.039517e+03,4.264059e+01,2.964811e+01,3.657016e-01,1.363889e+00
1.980782e+03,8.161282e+01,8.362715e+02,1.592642e+01,1.375361e+01,9.836982e-01,2.655974e+00
1.659187e+03,3.855758e+02,3.562825e+02,2.163417e+01,1.464164e+01,6.080648e-01,1.011436e+00
5.991089e+02,5.112874e+02,2.674317e+02,2.792261e+01,1.849889e+01,9.648109e-01,2.468988e+00
4.761943e+02,1.297501e+03,6.537754e+02,5.083168e+01,3.457004e+01,2.158823e-01,2.958260e+00
1.983448e+03,1.418639e+03,4.629607e+02,3.116157e+01,1.824715e+01,2.248210e-01,2.544200e+00
6.476435e+02,1.482118e+02,1.924051e+03,2.500768e+01,1.446319e+01,4.787330e-01,2.690121e+00
1.188319e+02,9.531687e+01,1.089280e+03,4.647373e+01,3.359246e+01,2.878731e+00,2.376035e+00
1.016326e+03,3.773560e+02,3.848233e+02,5.673171e+01,3.395638e+01,1.167516e+00,1.489885e+00
5.294570e+02,8.882384e+02,1.376087e+03,4.892484e+01,3.167700e+01,5.540616e-01,2.243977e+00
1.199210e+03,1.922732e+03,6.572275e+02,2.430879e+01,1.475371e+01,9.973805e-01,2.369976e+00
5.617238e+02,1.191829e+03,1.975837e+03,2.085123e+01,1.337550e+01,2.587594e+00,1.918034e+00
6.005671e+02,7.198536e+02,4.071179e+01,2.509144e+01,1.554893e+01,1.463059e-01,4.031182e-01
4.175617e+02,3.092482e+02,4.564444e+02,5.062651e+01,2.585750e+01,1.317698e+00,1.133421e+00
7.152113e+02,7.120591e+02,1.365372e+03,1.619297e+01,1.022274e+01,1.500403e+00,9.581242e-01
1.272891e+03,1.158879e+03,1.809238e+02,1.848090e+01,1.166951e+01,2.739822e+00,2.772893e+00
1.688723e+02,9.571660e+02,1.649013e+03,3.243001e+01,2.155190e+01,8.719378e-01,8.637900e-01
1.888137e+03,4.529766e+02,1.389661e+03,6.735359e+01,3.682698e+01,1.237413e+00,6.188745e-01
1.960632e+03,1.526207e+03,3.008537e+02,2.641988e+01,2.062459e+01,1.084690e+00,1.788069e+00
7.248567e+02,1.320115e+03,8.802447e+02,1.630554e+01,1.072665e+01,2.870927e+00,2.875574e+00
7.526514e+02,1.669750e+03,1.746199e+03,6.203735e+01,4.005489e+01,1.745942e+00,2.342334e+00
8.714583e+02,1.616899e+03,1.546545e+03,3.037244e+01,1.956355e+01,1.361453e+00,1.357521e+00
3.768399e+02,1.891783e+03,1.123833e+03,2.108446e+01,1.407577e+01,1.325580e+00,9.081144e-01
5.227307e+02,2.629625e+02,1.322599e+03,1.646004e+01,1.133637e+01,1.901201e-01,1.402644e+00
5.428416e+02,1.030551e+03,4.391612e+02,1.640064e+01,9.798560e+00,5.503213e-01,1.900785e+00
1.207262e+03,5.383651e+02,3.412724e+02,3.666076e+01,2.224548e+01,1.418732e+00,1.103666e+00
1.012609e+03,8.613151e+02,1.873563e+03,2.670189e+01,1.679394e+01,2.339542e+00,2.121217e+00
1.332157e+03,4.734649e+01,5.305918e+02,2.109039e+01,1.186277e+01,1.329044e+00,6.344060e-01
8.687676e+02,4.120362e+02,1.399993e+03,4.773770e+01,3.006237e+01,2.539331e+00,3.258717e-01
1.841184e+03,1.615557e+01,1.589254e+03,4.018447e+01,2.481629e+01,1.607241e+00,5.462294e-01
9.953710e+02,1.562279e+03,1.545319e+03,1.964524e+01,1.223718e+01,2.525716e-01,2.022935e+00
1.972478e+03,7.842496e+02,1.982793e+03,3.008467e+01,2.215091e+01,1.165838e-01,2.794063e+00
1.755328e+03,1.582960e+03,6.877834e+02,3.745286e+01,2.311362e+01,1.067167e+00,1.393902e+00
1.535165e+03,7.685167e+02,6.364768e+02,2.166989e+01,1.393922e+01,1.821298e+00,3.011448e+00
1.472590e+03,1.486525e+03,1.527384e+03,1.673513e+01,9.938626e+00,9.229054e-01,1.423209e+00
1.428664e+03,1.673779e+03,7.354578e+02,2.575088e+01,1.652229e+01,2.192308e+00,1.954654e+00
4.544390e+02,9.815214e+02,8.202207e+01,2.224518e+01,1.403106e+01,1.352843e+00,1.203000e+00
1.990379e+03,1.658079e+03,8.961043e+02,5.305605e+01,2.881833e+01,1.919260e+00,1.815976e+00
1.794535e+03,8.964214e+02,1.803586e+03,1.827231e+01,1.269923e+01,1.159427e+00,1.258740e+00
1.771590e+03,1.150873e+03,6.598417e+02,2.502069e+01,1.502246e+01,2.416458e+00,4.413116e-01
1.116269e+03,1.641961e+03,1.478833e+02,5.282972e+01,2.823612e+01,8.129707e-01,2.244626e+00
1.524815e+03,1.410889e+03,4.623831e+02,4.597088e+01,2.234368e+01,3.002964e+00,2.601635e+00
7.623523e+01,1.304225e+03,1.363978e+03,2.254236e+01,1.546061e+01,4.716718e-03,2.502806e+00
7.530560e+02,9.368778e+02,5.289115e+02,3.129795e+01,1.884703e+01,5.798033e-01,7.421703e-01
1.205490e+03,7.311583e+02,7.402861e+02,1.447625e+01,8.329258e+00,1.354208e+00,2.038889e+00
1.630951e+03,1.444175e+03,6.671316e+02,3.088262e+01,1.981100e+01,5.221159e-01,8.846911e-02
1.580502e+03,1.437167e+03,1.897448e+03,4.563878e+01,2.421893e+01,5.868649e-01,1.544926e+00
1.935200e+02,2.334820e+02,3.324678e+01,3.502627e+01,2.417312e+01,4.286264e-01,5.014361e-01
6.717589e+02,1.076688e+02,1.581837e+03,3.779471e+01,2.096567e+01,5.726740e-01,1.453998e+00
1.928724e+03,1.356505e+03,1.665028e+03,2.445348e+01,1.480598e+01,2.960300e+00,1.933916e+00
4.008180e+02,1.420490e+02,4.158597e+02,4.618843e+01,2.785993e+01,3.422503e-01,7.551071e-01
7.831956e+02,5.695458e+02,1.169858e+03,2.112698e+01,1.380235e+01,3.104016e+00,4.439932e-01
1.103092e+03,2.114817e+02,1.690887e+03,2.593693e+01,1.581908e+01,2.846029e+00,1.256943e-01
1.897904e+03,1.292208e+03,8.821983e+02,2.765425e+01,1.650403e+01,1.308165e+00,2.612126e+00
1.326599e+03,3.927835e+02,1.050147e+03,4.036554e+01,2.665824e+01,2.038785e+00,8.740086e-01
1.627945e+03,5.416425e+02,1.154042e+03,2.125048e+01,1.464551e+01,1.502218e+00,4.744115e-01
7.337709e+02,3.609940e+02,4.379122e+01,1.589816e+01,1.161369e+01,2.339941e+00,1.569440e+00
1.583213e+02,4.036781e+02,2.153742e+02,5.041277e+01,3.206462e+01,8.168468e-01,1.836454e+00
1.118051e+03,1.449777e+02,7.866950e+02,2.923598e+01,1.819478e+01,2.402514e-01,2.678389e-01
1.341277e+03,1.338286e+03,8.343239e+01,3.868834e+01,2.385275e+01,1.210181e+00,3.066761e+00
1.905919e+03,1.637972e+03,1.576393e+03,1.244860e+01,8.634110e+00,4.132236e-01,1.923783e+00
1.513924e+03,5.994203e+02,4.059896e+02,2.074775e+01,1.618195e+01,1.308295e+00,2.957872e+00
9.329494e+02,1.198887e+03,9.852783e+00,3.535513e+01,2.242821e+01,2.954464e+00,7.927501e-01
8.680081e+02,1.818585e+03,1.252953e+02,3.179087e+01,2.523914e+01,3.199514e-01,2.076575e+00
1.670203e+03,1.836903e+01,1.016107e+03,3.037882e+01,2.015638e+01,1.300893e+00,1.288950e+00
7.211185e+01,4.416639e+02,4.838408e+02,2.575929e+01,1.534962e+01,7.759115e-01,9.590175e-01
8.433873e+02,1.454966e+03,1.991569e+03,3.282704e+01,1.848340e+01,4.270719e-01,1.289417e+00
6.934204e+02,1.211199e+03,1.304127e+03,3.659239e+01,2.456036e+01,3.016794e+00,1.426960e+00
1.567606e+03,7.884694e+02,1.288978e+03,4.490359e+01,3.950173e+01,2.934390e+00,1.594967e+00
1.762790e+03,1.572627e+03,7.497021e+02,4.493090e+01,2.746269e+01,2.165599e+00,1.535228e+00
1.239148e+03,1.193044e+03,1.631902e+03,5.228745e+01,2.891664e+01,2.348656e+00,2.963104e-01
4.353182e+02,1.952590e+03,1.279950e+03,1.679365e+01,9.436310e+00,1.271730e+00,1.985251e+00
1.309597e+02,8.464363e+02,8.915335e+01,2.803336e+01,1.815207e+01,1.224000e+00,1.036081e+00
1.302003e+03,7.674820e+02,9.856995e+02,1.281086e+01,7.831199e+00,4.135204e-01,4.829941e-01
1.823000e+03,1.879887e+03,1.464830e+03,2.476251e+01,1.520847e+01,2.489219e+00,6.051939e-01
1.656480e+03,4.027982e+02,4.044509e+02,4.682157e+01,2.650592e+01,2.562669e+00,2.436600e+00
3.177810e+02,1.643274e+03,1.043592e+03,2.367416e+01,1.672089e+01,2.659523e-01,1.678015e+00
4.179132e+02,1.587136e+02,1.824571e+03,2.033641e+01,1.169336e+01,1.974973e+00,2.053603e+00
1.919987e+03,1.894226e+03,1.174472e+02,2.882386e+01,1.609545e+01,1.748574e+00,1.808304e+00
6.932729e+02,4.937477e+02,5.559024e+02,2.569089e+01,1.689953e+01,3.074957e+00,1.474079e+00
1.357347e+03,1.711311e+03,8.347453e+02,1.415939e+01,8.986816e+00,1.384133e+00,2.053970e+00
7.813717e+01,1.697036e+03,1.960395e+03,2.719795e+01,2.085246e+01,2.489432e+00,1.967955e+00
2.005809e+02,1.191234e+03,1.360181e+02,3.898779e+01,2.685586e+01,6.048689e-01,4.137973e-01
1.099774e+03,1.425232e+03,1.125726e+03,4.399109e+01,2.873516e+01,3.005078e+00,1.380062e+00
1.610003e+03,6.544308e+02,1.032427e+03,1.023816e+01,7.411813e+00,2.125962e+00,3.067893e+00
1.712984e+03,3.152720e+02,1.818152e+03,3.797121e+01,2.582025e+01,8.705558e-01,9.367568e-01
1.315004e+03,5.603642e+02,1.240271e+03,2.481948e+01,1.473708e+01,3.004158e+00,2.193991e+00
1.570697e+03,6.962259e+02,1.368183e+03,3.310312e+01,2.113680e+01,5.182809e-01,2.494555e+00
3.015552e+02,6.957508e+02,9.029410e+02,2.815778e+01,1.518240e+01,1.091781e+00,8.229502e-01
1.802730e+03,4.507808e+02,1.447234e+03,4.918105e+01,2.718240e+01,6.018414e-02,1.266525e+00
1.312200e+02,3.948161e+02,3.870423e+01,2.154495e+01,1.361184e+01,2.748220e+00,1.490897e+00
3.109650e+02,3.151925e+02,2.076383e+02,3.443663e+01,1.887687e+01,2.764910e+00,1.108497e-01
3.461665e+02,9.997287e+02,1.473895e+03,4.026110e+01,2.285316e+01,2.861861e+00,1.460925e+00
4.720820e+02,1.398438e+03,1.159160e+03,3.876563e+01,2.482969e+01,3.425605e-01,1.277380e+00
1.986014e+03,9.043234e+02,1.568722e+03,3.019614e+01,2.275125e+01,3.044233e-01,2.372823e+00
1.369440e+03,1.323567e+03,2.656749e+02,2.018283e+01,1.229768e+01,1.340119e-01,2.249162e+00
6.117790e+02,3.677987e+02,4.328444e+02,2.735755e+01,1.699508e+01,2.760969e+00,1.784962e+00
7.824548e+02,8.363820e+02,1.931366e+03,5.644765e+01,3.617666e+01,2.274448e+00,4.042123e-01
4.767348e+00,4.862321e+02,1.743725e+03,2.641103e+01,1.602386e+01,2.348909e+00,2.262811e+00
9.625931e+02,1.709868e+03,1.871815e+03,4.213903e+01,2.836103e+01,2.449308e+00,1.437302e+00
4.681400e+02,4.103626e+02,1.166919e+03,2.646798e+01,1.524768e+01,2.933603e+00,1.120815e+00
1.263658e+03,1.097588e+03,8.446796e+02,4.577363e+01,2.929198e+01,4.079301e-02,1.492607e+00
2.506600e+02,1.243996e+03,6.412089e+02,4.667205e+01,2.850407e+01,5.427314e-02,1.440252e+00
1.932169e+03,1.741710e+03,1.378309e+03,5.356624e+01,3.316067e+01,1.236996e+00,1.304923e+00
1.677209e+03,1.913730e+03,1.796743e+03,1.787392e+01,1.061357e+01,2.628568e+00,2.448965e+00
6.471506e+02,1.453782e+03,1.579643e+03,4.909315e+01,2.838829e+01,8.037817e-01,3.044581e+00
5.156873e+02,7.933207e+02,1.071104e+03,3.658423e+01,2.571178e+01,2.076422e-01,1.409533e-01
1.034346e+03,3.172901e+02,1.914760e+03,3.755442e+01,2.016291e+01,2.822128e-01,1.526612e+00
4.541441e+01,1.936207e+02,8.547597e+02,4.229966e+01,2.526167e+01,3.715307e-01,2.445457e-01
1.753883e+03,5.649995e+02,1.669054e+03,2.058923e+01,1.754612e+01,1.222831e-02,2.586416e+00
1.896234e+03,4.752226e+02,1.283564e+03,1.272846e+01,8.799833e+00,2.185867e+00,2.894705e+00
3.421179e+02,1.869222e+03,2.809038e+02,3.222353e+01,2.021408e+01,6.206276e-01,1.252052e+00
1.452315e+03,5.396056e+02,1.469901e+03,1.755375e+01,1.067316e+01,7.698357e-01,1.821392e+00
5.353849e+02,1.575268e+03,6.520087e+01,3.012050e+01,1.690329e+01,2.945903e-01,2.855538e+00
1.948078e+03,1.387539e+03,1.941662e+03,5.604426e+01,4.082865e+01,2.851663e+00,1.762142e-01
1.039690e+03,1.919835e+03,9.974038e+02,2.520353e+01,1.673165e+01,2.536545e+00,3.231946e-01
1.553364e+03,4.386985e+02,4.931206e+02,2.550472e+01,1.654599e+01,2.584540e+00,1.467010e+00
1.797435e+03,1.781350e+03,1.900618e+03,3.739057e+01,2.202224e+01,2.118640e+00,3.116014e+00
6.835246e+02,1.683010e+03,1.099298e+03,4.824421e+01,2.853941e+01,2.865624e+00,2.801822e+00
1.708768e+03,1.147314e+03,1.847984e+03,2.909052e+01,1.657377e+01,2.577334e+00,7.098481e-01
1.794681e+03,5.432833e+02,1.353173e+03,3.733855e+01,2.246353e+01,2.003128e-02,8.025468e-01
1.832149e+03,1.273455e+03,9.271843e+02,2.812470e+01,1.714461e+01,2.583369e-01,1.991405e+00
1.068331e+03,7.818709e+01,6.053537e+02,1.177515e+01,7.520127e+00,2.947639e-01,5.305705e-01
1.886067e+03,5.320019e+02,3.071898e+02,3.435839e+01,2.193353e+01,1.768270e-02,1.785896e+00
1.096569e+03,8.511145e+02,1.392272e+03,4.250715e+01,2.757866e+01,1.272739e+00,2.066145e+00
1.658556e+03,4.707334e+02,6.820875e+02,1.812942e+01,1.233530e+01,1.024971e+00,3.120013e+00
8.849578e+02,8.854955e+02,1.246442e+03,6.232180e+01,3.986022e+01,2.342742e+00,1.628102e+00
6.863275e+02,1.699461e+02,3.550693e+02,3.322422e+01,1.972201e+01,7.542187e-01,1.791205e+00
1.356671e+03,1.565563e+03,4.711686e+02,4.312613e+01,2.783318e+01,1.218438e+00,3.348800e-02
1.947072e+03,9.110520e+02,4.559147e+01,2.768271e+01,1.622736e+01,2.220613e+00,2.672151e+00
2.090003e+02,1.687028e+03,1.160282e+03,2.602495e+01,1.445245e+01,2.454454e+00,1.143230e+00
2.134227e+02,1.890645e+03,6.493390e+02,3.433504e+01,2.148222e+01,5.863478e-01,2.021761e+00
1.686326e+03,1.243666e+03,1.771445e+03,3.556176e+01,2.311846e+01,1.304880e+00,2.437009e+00
1.657175e+02,1.148381e+03,8.538475e+02,4.300976e+01,3.060720e+01,1.356930e+00,4.864070e-01
1.056578e+03,6.093694e+01,6.196873e+02,1.344290e+01,9.412382e+00,2.340524e+00,3.038267e+00
1.312606e+03,2.828653e+02,1.237431e+03,2.461994e+01,1.497587e+01,2.072653e+00,1.486046e+00
1.308591e+03,3.721251e+02,8.901609e+02,2.252467e+01,1.571092e+01,2.945721e+00,3.248205e-01
1.600257e+03,1.547070e+01,1.034636e+03,3.020015e+01,1.914753e+01,2.353973e-01,1.331319e+00
1.681506e+02,7.216588e+02,6.332442e+02,4.483744e+01,2.623438e+01,1.562905e+00,1.534746e+00
1.012371e+02,4.177036e+02,1.753921e+02,3.537439e+01,2.111169e+01,2.989886e+00,1.548671e+00
1.107809e+03,4.020432e+01,1.461354e+03,2.405493e+01,1.540792e+01,7.531032e-01,2.287516e+00
6.623187e+02,1.795026e+03,1.055605e+03,2.672703e+01,1.527364e+01,2.900765e+00,2.506326e+00
3.998511e+02,1.359351e+03,1.585039e+03,4.666736e+01,3.311842e+01,1.624394e+00,1.304636e+00
3.194344e+02,2.035554e+01,6.120647e+02,3.496590e+01,2.217289e+01,2.783918e+00,2.488680e+00
7.337096e+02,1.946543e+03,7.844770e+02,1.928787e+01,1.640210e+01,1.394842e+00,7.076234e-01
1.463306e+03,1.526897e+03,1.192371e+03,2.690940e+01,1.849813e+01,2.758938e+00,1.890267e-01
7.282737e+02,1.264378e+03,5.874302e+02,3.751261e+01,2.337242e+01,1.975446e-01,9.981939e-01
1.669607e+03,1.934620e+03,1.945513e+03,4.880932e+01,3.252260e+01,1.927180e-01,1.098589e+00
1.228602e+03,1.200845e+03,5.251201e+02,4.999216e+01,3.268798e+01,1.047499e+00,2.328207e+00
5.968802e+01,1.567504e+03,3.686497e+02,3.047916e+01,2.027694e+01,7.225441e-01,1.650415e+00
1.727128e+03,1.776505e+03,1.287288e+03,4.165215e+01,2.714746e+01,1.390035e-01,1.168932e-01
1.026389e+03,6.973639e+02,1.915881e+03,2.407394e+01,1.625102e+01,8.955021e-01,8.513533e-01
1.706230e+03,1.533609e+03,4.808022e+02,3.595749e+01,2.309483e+01,9.883104e-01,3.597917e-01
1.518029e+03,3.520444e+02,5.904170e-01,6.251457e+01,3.609456e+01,2.811332e+00,1.904379e+00
7.978758e+02,9.937914e+02,6.236544e+02,3.075753e+01,1.673644e+01,1.675814e+00,1.339744e+00
2.247200e+02,1.240956e+03,1.627689e+03,3.801680e+01,2.089852e+01,1.863603e+00,2.825243e-01
1.055376e+03,9.367277e+02,1.794412e+03,2.322898e+01,1.554948e+01,3.075403e+00,2.576442e+00
1.777048e+03,1.193679e+02,1.483817e+03,2.743918e+01,1.649422e+01,1.295337e+00,2.435198e+00
7.256853e+02,1.464991e+03,1.582618e+03,3.454003e+01,2.111973e+01,1.703906e-01,5.142143e-01
1.154968e+02,1.771038e+03,1.883202e+03,6.262229e+01,4.379062e+01,1.504812e+00,2.811301e+00
1.246515e+03,7.676710e+02,1.972707e+02,3.178174e+01,1.631935e+01,3.394332e-02,1.967358e+00
1.786911e+03,3.946811e+02,2.426895e+02,3.021787e+01,1.827921e+01,1.545704e+00,3.138424e+00
9.822257e+02,6.039534e+02,1.192603e+03,3.042314e+01,1.944127e+01,1.529555e+00,6.454784e-01
9.333547e+01,1.177467e+03,1.363396e+03,5.373688e+01,2.746921e+01,1.468613e+00,2.360664e+00
1.209342e+02,1.582600e+03,4.922088e+01,4.606524e+01,2.992392e+01,7.715855e-01,5.437326e-01
1.068369e+03,1.671971e+03,9.127934e+02,2.330857e+01,1.800329e+01,2.902893e+00,1.069563e+00
1.199504e+03,7.477330e+02,3.388583e+02,2.634281e+01,1.494938e+01,1.041747e+00,5.025604e-01
7.268294e+02,1.272250e+03,6.141394e+02,4.966096e+01,2.889399e+01,1.161939e+00,1.813649e+00
1.461427e+03,1.958773e+03,4.639864e+02,5.366799e+01,3.032034e+01,2.814569e+00,1.048781e+00
2.107318e+01,1.877504e+03,5.379219e+02,3.075012e+01,2.075034e+01,3.070123e+00,1.610019e+00
1.619395e+03,2.779349e+02,1.763139e+03,2.608184e+01,1.389498e+01,2.773073e+00,9.018887e-01
9.844384e+02,7.975793e+02,5.279091e+02,4.710172e+01,3.201315e+01,3.070051e+00,3.117416e+00
1.248147e+03,1.934578e+03,1.428371e+02,3.210518e+01,1.897170e+01,5.742544e-01,4.922484e-01
1.038245e+03,1.820897e+03,7.129893e+02,1.245218e+01,8.510299e+00,1.860554e+00,7.633124e-01
1.812321e+03,1.528783e+03,7.979377e+02,2.945432e+01,1.906695e+01,2.685341e+00,1.031281e+00
3.876279e+02,4.421679e+02,1.579515e+03,2.242286e+01,1.642327e+01,1.097787e+00,1.111033e+00
7.126526e+02,1.549692e+03,6.580484e+02,3.954437e+01,2.271305e+01,1.828025e+00,1.200850e+00
1.718411e+03,1.241192e+03,1.803411e+03,4.030410e+01,2.202489e+01,5.877672e-01,1.882967e+00
8.116043e+02,1.064346e+03,5.185334e+02,4.671898e+01,2.928778e+01,1.551611e+00,2.058331e+00
5.805960e+01,4.774230e+02,1.251073e+03,3.030164e+01,1.764950e+01,2.037867e+00,2.915632e+00
1.736658e+03,1.751870e+03,7.374901e+02,2.214064e+01,1.376813e+01,2.514489e+00,2.968344e+00
1.578626e+03,1.800843e+03,1.136523e+03,3.702337e+01,2.380075e+01,2.422954e-01,2.800649e+00
1.153304e+03,1.675160e+03,9.252577e+02,4.054230e+01,2.481107e+01,4.114514e-01,8.220682e-01
7.169058e+02,6.616602e+02,4.873103e+02,3.150595e+01,2.087511e+01,8.701149e-01,2.822817e+00
1.086997e+03,1.930019e+03,5.268564e+02,2.971092e+01,1.896249e+01,2.215139e+00,9.678361e-01
1.196021e+03,1.513306e+03,2.684740e+02,3.767228e+01,2.555468e+01,1.804306e+00,2.567275e+00
1.444626e+03,7.678897e+02,6.885393e+02,3.794211e+01,3.173997e+01,1.336189e+00,2.023542e+00
1.336765e+03,1.996273e+03,1.455713e+03,2.963265e+01,1.891129e+01,5.353797e-03,2.643962e+00
1.573085e+03,5.837103e+01,1.330795e+03,5.601565e+01,3.309064e+01,3.398084e-01,8.567318e-01
4.595060e+02,1.874143e+03,1.679846e+03,4.414014e+01,3.007695e+01,2.144523e+00,2.760075e+00
1.397371e+03,6.177311e+02,4.329228e+02,4.952447e+01,2.866041e+01,8.792117e-01,7.811668e-01
9.532134e+02,1.883450e+03,1.103716e+03,1.706645e+01,1.155824e+01,7.060812e-01,1.339425e+00
1.272454e+03,7.647413e+02,4.710392e+02,2.883943e+01,1.665908e+01,2.787793e+00,5.678894e-01
1.992524e+03,1.983884e+03,1.897090e+03,1.208566e+01,8.499638e+00,1.367930e+00,9.950736e-01
7.735951e+02,1.605081e+03,1.805424e+03,4.243985e+01,2.509486e+01,1.750346e+00,4.962848e-01
8.799505e+01,2.153994e+02,4.180890e+02,4.305629e+01,2.721246e+01,5.133967e-01,7.137666e-01
1.792147e+02,4.271376e+02,2.370599e+02,3.430703e+01,2.110898e+01,7.351012e-01,2.387640e+00
1.201815e+03,1.164291e+02,1.606307e+03,3.494549e+01,1.978429e+01,5.706438e-01,5.848666e-01
2.526048e+02,1.356848e+03,1.502586e+03,5.033504e+01,2.995269e+01,2.575585e+00,1.539822e+00
1.950656e+03,9.828417e+02,1.276263e+03,4.503562e+01,2.580867e+01,1.566972e+00,2.080377e+00
2.549986e+02,1.715860e+03,1.842934e+03,1.999564e+01,1.125412e+01,1.573343e+00,2.324257e+00
6.004401e+02,3.195634e+02,1.154866e+03,2.599208e+01,1.818912e+01,1.749672e+00,2.429759e+00
9.017609e+02,1.552829e+03,1.398920e+03,3.439493e+01,2.062328e+01,2.448134e+00,1.772666e+00
1.578734e+03,1.085346e+03,6.607129e+02,2.066896e+01,1.543462e+01,1.135862e+00,3.098869e+00
9.168959e+02,2.168997e+02,5.020297e+02,3.409214e+01,2.241680e+01,1.682513e+00,2.901351e+00
1.428521e+03,1.097312e+03,7.207958e+01,3.750959e+01,2.168498e+01,6.314608e-02,1.051671e+00
1.316172e+03,3.288138e+02,7.494237e+02,2.757799e+01,1.920633e+01,2.696740e+00,2.283415e+00
1.306762e+03,5.615889e+02,1.626827e+03,4.431831e+01,2.786309e+01,8.602019e-01,1.193797e+00
5.421020e+02,1.363533e+03,1.569686e+02,3.353778e+01,2.181565e+01,2.112388e+00,2.477964e+00
1.862415e+03,1.885166e+03,4.274825e+02,2.851192e+01,1.746574e+01,4.262336e-01,5.649253e-01
1.254280e+03,1.411246e+03,2.008817e+02,3.151944e+01,2.063172e+01,2.897371e+00,1.479036e+00
1.074493e+03,1.814292e+03,6.072298e+02,2.191611e+01,1.245477e+01,2.779239e+00,2.232694e+00
8.522587e+02,3.015649e+02,5.094526e+02,4.740613e+01,3.114260e+01,1.282703e+00,1.534626e+00
1.218459e+03,1.898258e+03,5.878007e+02,3.974069e+01,2.045363e+01,1.922523e+00,2.269121e+00
1.752368e+03,3.905256e+02,1.533413e+03,3.536143e+01,2.169230e+01,3.848673e-02,1.958625e+00
4.799151e+02,1.762907e+03,1.102011e+03,3.232362e+01,2.175803e+01,3.191287e-01,2.099780e+00
1.053828e+03,1.766946e+03,1.479769e+03,2.373020e+01,1.561458e+01,4.510744e-02,2.917693e-03
3.144855e+02,9.939808e+01,4.975742e+02,1.919499e+01,1.176558e+01,7.922320e-02,2.066030e+00
4.448034e+02,1.366229e+03,5.910930e+02,1.707459e+01,1.043458e+01,1.896295e-01,2.872704e+00
6.735176e+02,1.854270e+03,1.041991e+03,3.609996e+01,2.032521e+01,2.826953e+00,1.614124e+00
7.808232e+02,2.457324e+02,1.606291e+03,3.548408e+01,1.946465e+01,7.249640e-01,4.642991e-01
2.263168e+02,5.467770e+02,2.699148e+02,3.220328e+01,2.048398e+01,3.457975e-01,4.036079e-01
2.730692e+02,1.911710e+03,1.873982e+03,1.863679e+01,1.015046e+01,2.207701e+00,1.390646e+00
3.276427e+02,1.716208e+03,1.461089e+03,2.254499e+01,1.364710e+01,7.597792e-01,1.086160e+00
1.320696e+03,7.860349e+02,1.475182e+03,4.085354e+01,2.724304e+01,2.454623e+00,2.483119e+00
9.893961e+02,1.831323e+03,1.296566e+03,2.764178e+01,1.726579e+01,1.958132e+00,2.631045e+00
1.206946e+03,9.327286e+02,9.234075e+01,4.182279e+01,2.467890e+01,1.608325e+00,4.371866e-01
3.780616e+02,1.833876e+03,1.294015e+03,4.633800e+01,3.118426e+01,1.518664e+00,6.332053e-01
5.371758e+02,1.028358e+02,1.157750e+03,3.064674e+01,1.925547e+01,9.097836e-01,1.194174e-01
1.653913e+03,5.627688e+02,1.583023e+03,4.046297e+01,2.283671e+01,5.956428e-01,5.293051e-01
5.863544e+02,1.999946e+03,1.810562e+03,4.321528e+01,2.650511e+01,1.972867e+00,2.151131e+00
9.837939e+02,1.464468e+03,1.687955e+03,2.828333e+01,1.626479e+01,4.516886e-01,6.180265e-01
6.891112e+02,9.491373e+02,8.408474e+02,4.932530e+01,2.727414e+01,2.478557e+00,8.116771e-01
1.117244e+03,2.467848e+02,9.638623e+02,6.095568e+01,3.622232e+01,2.848038e+00,3.015865e+00
4.981972e+01,1.585047e+03,1.229487e+02,3.646808e+01,2.376774e+01,1.467207e+00,2.905276e+00
6.697381e+02,1.467447e+03,1.768033e+03,5.457315e+01,2.942156e+01,2.028310e+00,2.051540e+00
2.772497e+02,1.142788e+03,1.866888e+03,3.678362e+01,2.213858e+01,2.843852e+00,3.048188e+00
3.775374e+02,6.707754e+02,1.772942e+03,2.844344e+01,1.625071e+01,2.642186e+00,1.599817e+00
1.148564e+03,7.432248e+02,6.021015e+02,2.367212e+01,1.335090e+01,2.574071e-01,1.323727e+00
1.644726e+03,1.473296e+03,1.707494e+03,4.350005e+01,3.080441e+01,1.926089e+00,6.090983e-01
6.341323e+02,7.048211e+02,9.018977e+02,4.585672e+01,2.758030e+01,2.268677e-01,7.607934e-01
1.224763e+02,1.140157e+03,1.414261e+03,7.154947e+01,3.996648e+01,2.247082e+00,2.688416e+00
1.849977e+03,1.131159e+03,7.384331e+01,4.489257e+01,2.838739e+01,1.393497e+00,1.096789e+00
6.650111e+02,1.424506e+03,1.158048e+03,5.772517e+01,3.657483e+01,6.227154e-01,5.144904e-01
1.552612e+03,1.333419e+03,1.292360e+03,2.161503e+01,1.775209e+01,1.178947e+00,1.723365e-01
1.596462e+03,1.084538e+03,1.748761e+03,5.244725e+01,3.407510e+01,1.127193e+00,2.014244e+00
1.359055e+03,1.796743e+03,7.190256e+02,3.729577e+01,2.597905e+01,2.722575e+00,3.070210e+00
1.875924e+02,3.062697e+02,1.671120e+03,2.621005e+01,1.560894e+01,2.389981e+00,1.402468e+00
1.066741e+03,1.445349e+03,6.880984e+02,6.152552e+01,3.384130e+01,2.455839e+00,1.301703e-01
5.167886e+02,2.240338e+01,1.663084e+03,3.355831e+01,2.268594e+01,5.379777e-01,2.040950e+00
1.413622e+03,1.139495e+03,4.519996e+02,5.695950e+01,3.715930e+01,1.981723e+00,2.678572e+00
6.707905e+02,6.588387e+02,1.524541e+03,3.070828e+01,1.946080e+01,1.054679e+00,1.542640e+00
9.305804e+02,1.866482e+03,4.215743e+02,4.535170e+01,2.597689e+01,5.344690e-01,1.001654e+00
1.015256e+03,4.768346e+02,1.575088e+03,2.906530e+01,1.891210e+01,1.539539e+00,2.330658e+00
4.698588e+02,9.520010e+02,1.931939e+03,3.265105e+01,1.971893e+01,2.455631e+00,5.046819e-02
8.396399e+02,7.705637e+02,9.790795e+02,2.093950e+01,1.157724e+01,9.696257e-01,2.681378e+00
1.513054e+03,1.759482e+03,1.259937e+03,4.184915e+01,2.188213e+01,1.372874e+00,1.456222e+00
1.644000e+03,6.774122e+02,1.064375e+03,5.009685e+01,3.017239e+01,7.786144e-01,2.344601e+00
1.762864e+03,9.408939e+02,1.359001e+03,2.413908e+01,1.658889e+01,3.060110e+00,2.519720e+00
1.048434e+03,4.286512e+02,2.335214e+02,3.498238e+01,2.909226e+01,1.270785e+00,4.058810e-01
1.238027e+03,3.262090e+02,6.535996e+02,5.142682e+01,3.077905e+01,6.892774e-01,2.000072e+00
1.402641e+03,3.879109e+02,3.818416e+02,2.604264e+01,1.591891e+01,3.077943e+00,1.661004e+00
1.982878e+03,5.083838e+02,1.401486e+03,3.406779e+01,2.171744e+01,3.111065e+00,1.536385e-01
1.367361e+03,1.204128e+03,1.539355e+03,2.966287e+01,1.760449e+01,1.552763e+00,3.125863e+00
7.501264e+02,1.333024e+03,1.221551e+03,2.286246e+01,1.451694e+01,2.165740e+00,1.336608e+00
8.926743e+02,1.183644e+03,1.533852e+03,4.430518e+01,2.690100e+01,2.162350e+00,2.384549e+00
1.679795e+03,8.992921e+02,1.412353e+03,3.193571e+01,2.244622e+01,1.835981e+00,4.151326e-01
1.721360e+03,5.032073e+02,1.096752e+03,1.296039e+01,8.001519e+00,2.050202e+00,2.819126e+00
1.479406e+03,1.538228e+03,1.834787e+03,2.097247e+01,1.410626e+01,9.478680e-01,2.782932e+00
1.722214e+03,7.502912e+02,1.256819e+03,2.204243e+01,1.359699e+01,2.228594e+00,1.647702e+00
1.169117e+03,1.508576e+02,1.385698e+03,4.002913e+01,2.489042e+01,2.077148e+00,1.809469e-01
8.901713e+01,1.297940e+03,1.415188e+02,3.369600e+01,1.976902e+01,2.616075e+00,1.827739e+00
7.628229e+02,1.007065e+03,1.567123e+03,2.504076e+01,1.634386e+01,2.951828e+00,1.185685e+00
9.054779e+02,1.234425e+03,1.133216e+03,4.727580e+01,2.995378e+01,1.202055e+00,2.869132e+00
2.019808e+02,7.497828e+02,1.520279e+03,1.725284e+01,1.151691e+01,2.257006e+00,2.368563e+00
1.044727e+03,2.281198e+02,4.072271e+02,3.063797e+01,2.167775e+01,1.980734e+00,1.861551e+00
1.899793e+03,1.728204e+03,1.965135e+03,2.480853e+01,1.639094e+01,2.869406e+00,1.109666e+00
3.803975e+02,8.609982e+02,1.654426e+03,3.423397e+01,2.035000e+01,2.670372e+00,1.876079e+00
2.954030e+02,3.446160e+02,4.486479e+01,5.303012e+01,3.332790e+01,1.198756e+00,2.056842e+00
6.248982e+02,7.923876e+02,1.196088e+02,2.934211e+01,1.854531e+01,2.959637e-01,3.566006e-01
1.988201e+03,4.084410e+02,1.652702e+03,1.463717e+01,7.422949e+00,1.671911e+00,2.795712e+00
1.551309e+02,5.928903e+02,1.135370e+03,1.388074e+01,8.029270e+00,1.969331e+00,2.981025e+00
1.022096e+03,1.092940e+03,1.514084e+03,1.405003e+01,9.937559e+00,2.131761e+00,7.271810e-01
1.513032e+03,1.566565e+03,9.173948e+02,1.759429e+01,1.152406e+01,1.507734e+00,3.097703e+00
9.721541e+02,1.152668e+03,1.038660e+03,3.101660e+01,1.555541e+01,1.938355e+00,4.551600e-01
6.820611e+02,1.140631e+03,7.610706e+02,2.540778e+01,1.842784e+01,1.071402e+00,2.249914e+00
1.063877e+03,1.836011e+03,4.951731e+02,6.059124e+01,3.801285e+01,1.415236e+00,2.775432e+00
7.288755e+02,4.756580e+02,7.907390e+01,5.442702e+01,3.171002e+01,1.319678e+00,1.977548e+00
1.343913e+03,9.232895e+02,6.390086e+02,3.401579e+01,1.834801e+01,2.686380e+00,1.432362e+00
2.927943e+02,1.852638e+03,1.624983e+03,1.298555e+01,7.983058e+00,2.622686e+00,4.344548e-01
1.314602e+02,7.371739e+02,1.471809e+03,4.173483e+01,2.640429e+01,1.910196e+00,1.454344e+00
3.962477e+02,1.808474e+03,1.453601e+03,2.805521e+01,1.883297e+01,6.077321e-01,7.370705e-01
1.892664e+03,2.885534e+02,1.357640e+03,2.875324e+01,1.778516e+01,2.825403e+00,1.044935e+00
1.335208e+03,8.545152e+02,1.221655e+03,3.045059e+01,2.056044e+01,2.859121e+00,7.073464e-01
1.363114e+02,1.606244e+01,1.087329e+03,2.820413e+01,1.795788e+01,1.856593e+00,2.993777e+00
1.101414e+03,1.009226e+03,3.493402e+02,2.753789e+01,1.582180e+01,1.009459e+00,5.846897e-01
9.014710e+02,6.453996e+02,1.202163e+03,1.666015e+01,9.137287e+00,3.754866e-02,2.151412e+00
6.543915e+02,2.517796e+00,1.265894e+03,4.688488e+01,2.368508e+01,2.322283e+00,2.934432e+00
1.452826e+03,1.564221e+03,1.791647e+03,1.701755e+01,9.653995e+00,2.889271e+00,2.076976e+00
1.820088e+03,9.018908e+02,6.239668e+02,2.561060e+01,1.774918e+01,1.160442e+00,8.564479e-02
9.449632e+02,1.802715e+03,5.285515e+02,2.611568e+01,1.697091e+01,3.041635e+00,2.930697e+00
1.532514e+03,8.535776e+00,1.733211e+03,4.363302e+01,3.086447e+01,2.672789e+00,1.756961e-01
2.580677e+02,7.122091e+02,1.883248e+03,2.940252e+01,1.707712e+01,2.649287e+00,1.366785e+00
1.333896e+02,7.238781e+02,1.991713e+03,3.931837e+01,2.653614e+01,8.832183e-01,6.545599e-02
1.633880e+02,3.248230e+02,1.314378e+03,1.242865e+01,8.194368e+00,2.673601e+00,5.633712e-01
1.483118e+03,3.670427e+02,6.774117e+02,1.702276e+01,9.601488e+00,1.325650e+00,3.059240e+00
5.987678e+02,8.668075e+02,1.010062e+03,4.340751e+01,2.330670e+01,1.256302e+00,2.349930e+00
7.167374e+02,2.205889e+02,1.779811e+03,4.037519e+01,3.007994e+01,1.267520e+00,1.259279e+00
3.008973e+02,1.874442e+02,9.500525e+02,4.314319e+01,2.866793e+01,1.836660e+00,2.439063e+00
7.245208e+02,8.217657e+02,7.673417e+02,2.951554e+01,1.972939e+01,4.348815e-01,4.933400e-01
1.530832e+03,1.813130e+03,1.920177e+03,1.934234e+01,1.064758e+01,4.867276e-02,2.305658e+00
1.807927e+03,1.580444e+03,1.485825e+03,5.339390e+01,2.885810e+01,1.617760e+00,2.086027e+00
1.598765e+03,1.057420e+03,1.722915e+03,2.662792e+01,1.694574e+01,5.639814e-01,1.897312e+00
8.642492e+02,4.426330e+02,1.124274e+03,3.220673e+01,2.143552e+01,6.529134e-01,1.379514e+00
1.930718e+03,3.487905e+02,7.257789e+02,3.907528e+01,2.337674e+01,2.523562e+00,1.687269e+00
1.065271e+03,2.270328e+02,1.155579e+03,1.041256e+01,7.543726e+00,1.616700e+00,1.471449e+00
1.855931e+03,8.043617e+02,1.153676e+03,2.669805e+01,1.708040e+01,8.434131e-03,1.410230e+00
1.587397e+03,1.923317e+03,1.961649e+02,4.276403e+01,2.779337e+01,2.826772e+00,1.408349e+00
1.769464e+03,8.604423e+02,1.596510e+03,3.852770e+01,2.260122e+01,1.484525e+00,1.973682e+00
1.452387e+03,1.799055e+03,1.763905e+03,4.429123e+01,2.809468e+01,1.272649e+00,1.616343e+00
4.641953e+02,7.744648e+02,1.503941e+03,3.230923e+01,2.091143e+01,2.736084e-01,7.912510e-01
5.349939e+02,1.863463e+03,1.941249e+03,2.333412e+01,1.427554e+01,2.414499e+00,1.899744e+00
1.503926e+03,1.182032e+03,9.960049e+02,3.182602e+01,2.046016e+01,1.096891e+00,2.766265e+00
1.978600e+03,8.482988e+02,1.924564e+03,3.543097e+01,2.046494e+01,2.195095e+00,2.200243e+00
1.146827e+03,1.143610e+03,1.092874e+03,4.189471e+01,2.434243e+01,1.873030e+00,2.607457e+00
1.453083e+03,1.768391e+03,1.099727e+03,2.931656e+01,1.821897e+01,2.671080e+00,1.388165e+00
4.416244e+02,6.169101e+02,1.143335e+03,4.631491e+01,2.583814e+01,3.133511e+00,9.029497e-01
9.492485e+02,1.860682e+03,1.933105e+03,1.514455e+01,9.744172e+00,3.579849e-01,2.334124e+00
1.422682e+03,9.494418e+02,8.160856e+02,3.959256e+01,2.826390e+01,2.137815e+00,1.590196e+00
7.450351e+02,1.110584e+03,1.277921e+03,3.425510e+01,2.331878e+01,2.880958e+00,2.626040e-01
1.544229e+03,5.632761e+02,1.560062e+03,3.156557e+01,2.146197e+01,9.562301e-01,1.961512e+00
1.466517e+03,3.849436e+01,9.720455e+02,1.959644e+01,1.747556e+01,2.614907e+00,5.133171e-01
1.842741e+03,5.989809e+01,1.944664e+03,2.015439e+01,1.359838e+01,2.555934e+00,2.668148e+00
3.512518e+02,4.813983e+01,1.181634e+03,1.912668e+01,1.092541e+01,1.604209e+00,2.186142e+00
1.571005e+03,1.108111e+03,1.040000e+03,2.737221e+01,1.614429e+01,2.135443e+00,1.576744e+00
1.424144e+03,1.860735e+03,1.792243e+03,2.269653e+01,1.288194e+01,4.922572e-01,2.854775e+00
1.502416e+03,1.565035e+03,9.605999e+02,3.334479e+01,1.742112e+01,2.876430e+00,2.799741e+00
4.274369e+02,2.758359e+02,1.972946e+03,5.051898e+01,2.945642e+01,1.115638e+00,2.766855e+00
1.021461e+03,7.315155e+01,3.459811e+02,5.099360e+01,3.080557e+01,8.906477e-01,1.497572e+00
6.817348e+02,6.948641e+02,7.243069e+02,2.367628e+01,1.594396e+01,1.367036e+00,7.917161e-01
1.580256e+03,1.885450e+03,1.343394e+03,3.582639e+01,1.997345e+01,2.566395e+00,3.140726e+00
3.501385e+02,1.864941e+03,6.388478e+02,2.511814e+01,1.663610e+01,4.812816e-01,1.852938e+00
6.317321e+02,1.713123e+03,6.385496e+02,5.118018e+01,2.697744e+01,1.003454e+00,1.164275e+00
1.075045e+03,1.649260e+03,2.022515e+02,2.516201e+01,1.593378e+01,1.053001e+00,1.432499e-01
1.303691e+03,7.157479e+01,1.957638e+03,5.142571e+01,2.654239e+01,1.246586e+00,1.335675e+00
5.922254e+02,1.109588e+03,1.018998e+03,4.653831e+01,2.814285e+01,1.035343e+00,2.448916e+00
9.604924e+01,8.896509e+02,1.094752e+03,3.638540e+01,2.039975e+01,1.883836e+00,2.283974e-01
1.412976e+02,1.092421e+03,1.612350e+03,4.750586e+01,2.923288e+01,2.962948e+00,2.739407e+00
1.630049e+03,1.272408e+03,1.741727e+03,1.205680e+01,8.005718e+00,2.245527e+00,1.153731e+00
1.310818e+03,1.557420e+03,1.713192e+03,3.121319e+01,1.980636e+01,1.664394e+00,9.958280e-01
3.954465e+02,1.785520e+02,1.863048e+03,4.244892e+01,3.003028e+01,8.805191e-01,1.613271e+00
1.227370e+03,1.489778e+03,1.424833e+03,2.440778e+01,1.551085e+01,1.073910e+00,1.094295e+00
1.460139e+03,6.838248e+02,8.531090e+02,2.929126e+01,1.631503e+01,3.084970e+00,2.879939e+00
1.601722e+03,4.497617e+02,1.012671e+03,3.615051e+01,2.602150e+01,1.095669e+00,7.721693e-01
1.360496e+03,1.512922e+03,1.442261e+03,2.659646e+01,1.600732e+01,8.188229e-02,4.289288e-01
9.227004e+02,1.667474e+03,5.549288e+02,1.681414e+01,1.148282e+01,1.031494e+00,1.923244e+00
1.276844e+03,1.021192e+01,6.103862e+02,5.469423e+01,3.303055e+01,7.372276e-01,3.064318e-01
1.040835e+03,7.298896e+01,1.930626e+03,3.159661e+01,1.952694e+01,1.263194e+00,2.045843e+00
1.513220e+03,1.914753e+03,9.029759e+02,3.617417e+01,2.088992e+01,2.926601e+00,1.341126e+00
2.488141e+02,9.729801e+02,1.178555e+03,4.469663e+01,2.741271e+01,2.518120e+00,1.307358e+00
1.514839e+02,6.278594e+01,7.680339e+02,2.649688e+01,1.396295e+01,8.436114e-01,1.124621e+00
1.121439e+03,1.908684e+03,1.871754e+03,4.467080e+01,2.961302e+01,2.666702e+00,1.008916e+00
4.270542e+02,1.240487e+03,2.594259e+02,3.873791e+01,2.411922e+01,1.883317e+00,2.502897e-01
1.488840e+03,6.812631e+02,5.792454e+02,3.418679e+01,2.012619e+01,1.715427e+00,1.395697e-01
9.261085e+02,1.501432e+03,1.786656e+03,2.448954e+01,1.399826e+01,2.923095e+00,2.535140e+00
4.324129e+02,1.983659e+03,3.216344e+02,5.288997e+01,3.858875e+01,2.495398e+00,3.037488e-02
1.824634e+03,1.573803e+03,1.365123e+03,1.678128e+01,1.331699e+01,1.663639e+00,2.504910e+00
1.181406e+03,1.126436e+03,1.941610e+03,2.371377e+01,1.709664e+01,2.961873e+00,1.992610e+00
9.171558e+02,7.453388e+02,1.448685e+03,1.294656e+01,8.756516e+00,2.258754e+00,9.673555e-01
9.584568e+01,1.444889e+03,1.136416e+03,3.791786e+01,2.879431e+01,2.501736e+00,2.467788e+00
1.236022e+03,1.602544e+03,1.112794e+03,2.317377e+01,1.307163e+01,1.067176e+00,1.389306e+00
1.991777e+03,7.061333e+02,8.407911e+02,5.850158e+01,4.438656e+01,2.112666e+00,9.403220e-01
1.063771e+03,1.582429e+03,1.243071e+03,3.130689e+01,1.932255e+01,3.256724e-01,2.622068e+00
7.246763e+02,8.153028e+02,4.614884e+02,3.767208e+01,2.331842e+01,1.367470e-01,1.636544e+00
1.124749e+03,5.090230e+02,1.363823e+03,4.405378e+01,2.713372e+01,5.514935e-01,2.139552e+00
1.696100e+03,8.994354e+02,6.993664e+02,2.740689e+01,1.634301e+01,1.172639e+00,1.994189e-01
1.146620e+03,2.460141e+02,9.367455e+02,4.336188e+01,3.258587e+01,8.766597e-01,1.409268e+00
1.468590e+03,1.128425e+03,5.091713e+02,5.199055e+01,3.131374e+01,2.420406e+00,2.220435e+00
5.431181e+01,1.909852e+03,1.709188e+03,2.187942e+01,1.482799e+01,2.535929e+00,2.007958e+00
1.775867e+03,1.844639e+03,1.925216e+03,3.748717e+01,2.182839e+01,3.008626e+00,2.182365e+00
4.786665e+01,2.432725e+02,1.734259e+03,2.818486e+01,2.148944e+01,1.405991e+00,1.117581e+00
1.946327e+03,6.894572e+02,1.209473e+03,2.354448e+01,1.391145e+01,1.840152e+00,2.222730e+00
1.753918e+02,9.274440e+02,3.466236e+02,3.008047e+01,2.033578e+01,1.154406e+00,1.573657e+00
4.894069e+02,1.762249e+03,1.577092e+03,2.741719e+01,2.030988e+01,2.435059e+00,9.878075e-01
1.368418e+03,1.173257e+03,1.751961e+03,4.410530e+01,2.714678e+01,1.581350e+00,2.755120e+00
9.876339e+02,1.769765e+03,1.695082e+03,2.590477e+01,1.578751e+01,1.007176e+00,1.277193e+00
4.015207e+02,1.678653e+03,1.438570e+03,1.539772e+01,1.012791e+01,2.333875e+00,3.093767e+00
4.570020e+02,7.953688e+02,1.469834e+03,5.204060e+01,3.103474e+01,1.978143e+00,3.000946e-01
1.896828e+03,3.184455e+02,7.943249e+02,1.664821e+01,9.145181e+00,1.201828e+00,2.085032e+00
1.766418e+03,9.262024e+02,1.041852e+02,1.627884e+01,1.191433e+01,1.187600e+00,2.910895e+00
7.133218e+02,1.448416e+03,1.222688e+03,3.093682e+01,2.002148e+01,2.472370e+00,1.404421e+00
1.429182e+03,7.218970e+02,1.968594e+03,3.329063e+01,2.154461e+01,1.645460e+00,1.003019e+00
6.647565e+02,1.126388e+03,8.300948e+02,3.585447e+01,2.367130e+01,8.811109e-02,1.671300e+00
2.084125e+02,1.195657e+02,1.789259e+02,2.142361e+01,1.207652e+01,2.661564e+00,2.800183e+00
1.828814e+03,2.058460e+01,7.813834e+02,3.129871e+01,2.037442e+01,9.215774e-01,2.944070e+00
1.899352e+03,9.400235e+01,8.126926e+02,2.511576e+01,1.617247e+01,1.576137e+00,1.991409e+00
1.309252e+03,5.836130e+02,1.336612e+01,2.654835e+01,1.621534e+01,2.208074e+00,9.184893e-01
4.001737e+02,1.805518e+03,1.176696e+03,1.381955e+01,7.681515e+00,5.281380e-01,2.703676e+00
1.818904e+03,1.173732e+03,3.585158e+02,4.196375e+01,2.168219e+01,2.621369e+00,7.165392e-01
7.356249e+02,1.285809e+03,1.823552e+03,4.609407e+01,2.838761e+01,2.273087e+00,4.251689e-01
7.992877e+02,1.145069e+03,1.952947e+03,3.466907e+01,2.251564e+01,3.028790e+00,1.704950e+00
6.020505e+02,8.849535e+02,8.201675e+02,2.934222e+01,2.011755e+01,6.685451e-01,3.769616e-01
1.784594e+03,8.138442e+00,5.282646e+02,5.822184e+01,3.065224e+01,2.546937e+00,1.813044e+00
1.440769e+03,1.773174e+03,2.742914e+02,4.050285e+01,3.228096e+01,3.085130e+00,1.735681e-01
4.380650e+01,1.766250e+03,1.729947e+03,2.283597e+01,1.404307e+01,1.529537e+00,1.317999e+00
1.163698e+03,7.246117e+02,1.897967e+03,2.946736e+01,1.803431e+01,3.071110e+00,1.486605e+00
6.523039e+02,1.793923e+03,1.986156e+03,2.580329e+01,1.802066e+01,2.571777e+00,1.529143e+00
2.687897e+02,7.172498e+02,1.707862e+02,3.285350e+01,2.116594e+01,2.216160e+00,1.854348e-01
9.687963e+02,1.610723e+03,1.164534e+03,3.945006e+01,2.259612e+01,2.901075e+00,5.476221e-01
1.396885e+03,7.426322e+02,1.640672e+03,3.110548e+01,1.805940e+01,1.796993e-01,2.978529e+00
2.634692e+02,9.097460e+02,1.988579e+03,3.972597e+01,3.037850e+01,1.641031e+00,1.242283e+00
1.664078e+03,6.110696e+02,1.621199e+03,4.779143e+01,2.905813e+01,2.446753e+00,6.316703e-01
8.203494e+02,1.281978e+03,1.832570e+03,3.755059e+01,2.189936e+01,2.443236e+00,1.870082e+00
1.201334e+03,1.939033e+03,1.576587e+03,3.606826e+01,2.086773e+01,1.192233e+00,8.511436e-01
1.213013e+03,1.634690e+03,3.527188e+02,2.561194e+01,1.502977e+01,1.735316e+00,1.480339e+00
1.766961e+03,4.571382e+02,1.296383e+03,5.002831e+01,3.896801e+01,7.310598e-01,8.190687e-01
9.860032e+02,1.756505e+03,9.791762e+02,3.810892e+01,2.522961e+01,7.526558e-01,1.637405e+00
1.818494e+03,1.371919e+03,1.547882e+03,3.217291e+01,1.962326e+01,1.337444e+00,5.188521e-01
6.412484e+02,1.966875e+03,1.748603e+03,4.641636e+01,2.734078e+01,1.701844e+00,2.458207e-02
1.883212e+03,1.837188e+03,1.737150e+03,4.278271e+01,3.051131e+01,2.054582e+00,2.576003e+00
9.841078e+02,2.205826e+02,1.575715e+03,3.348371e+01,2.153253e+01,6.458337e-01,2.278582e+00
1.403314e+03,9.894402e+02,1.479760e+01,1.871213e+01,1.226302e+01,8.100282e-01,2.309679e+00
1.418931e+03,9.395778e+02,1.669212e+03,3.836612e+01,2.104069e+01,2.758516e+00,5.199952e-01
1.900474e+03,1.798391e+02,3.397503e+02,2.111332e+01,1.259785e+01,2.037953e+00,2.006325e+00
7.846294e+01,1.578634e+03,1.252046e+02,3.039795e+01,1.891192e+01,1.558870e+00,1.246365e+00
1.962909e+03,1.211999e+03,1.724368e+03,2.940807e+01,1.742013e+01,9.454304e-01,3.397799e-01
1.883583e+01,7.509848e+02,1.241205e+03,1.568922e+01,9.565063e+00,1.214166e-01,2.480661e+00
1.417806e+03,8.754260e+02,9.349731e+02,4.776505e+01,2.992474e+01,1.878711e+00,1.945486e+00
1.291065e+03,8.387392e+02,1.549577e+03,3.243732e+01,2.259319e+01,4.251179e-01,1.938010e+00
3.251868e+02,1.413880e+03,8.543493e+02,1.853212e+01,9.534444e+00,3.062384e+00,2.281496e+00
1.238261e+03,9.120225e+02,5.701512e+01,4.748718e+01,3.141448e+01,2.966815e+00,1.933642e+00
1.058058e+03,3.093891e+02,1.665222e+03,3.951472e+01,2.297813e+01,2.260710e+00,1.222202e-01
2.695229e+02,1.337775e+03,1.188323e+03,1.519172e+01,9.817153e+00,3.112400e+00,1.113863e+00
9.737432e+02,1.202994e+03,1.218757e+03,1.974509e+01,1.234561e+01,1.978419e-01,2.258808e+00
1.806672e+03,9.632518e+02,3.437624e+02,2.362527e+01,1.441553e+01,1.381667e+00,1.689482e+00
3.730275e+01,5.303665e+02,7.933224e+02,4.781799e+01,2.994934e+01,4.311015e-02,2.319948e+00
2.555367e+02,1.659206e+03,6.779477e+00,2.395653e+01,1.556051e+01,1.532927e+00,1.832688e+00
1.491181e+03,7.397825e+02,1.319302e+03,3.507343e+01,2.577388e+01,2.413189e+00,2.464701e+00
1.374957e+03,3.940671e+01,9.681038e+02,1.532362e+01,9.120994e+00,2.974391e+00,2.998906e+00
1.821072e+03,6.741669e+02,7.540590e+02,1.554133e+01,1.010165e+01,1.278897e+00,2.048363e+00
1.933992e+03,6.773887e+02,1.706096e+03,1.786171e+01,1.049952e+01,7.249395e-01,1.272624e+00
1.825784e+03,1.873996e+03,2.069349e+00,7.410291e+01,4.175379e+01,3.698934e-01,1.524309e+00
1.695021e+03,1.161766e+03,5.732433e+02,4.864516e+01,3.097214e+01,2.854872e+00,1.447354e+00
9.936307e+02,2.534319e+02,1.507088e+03,3.000974e+01,2.019517e+01,5.752395e-01,2.756100e+00
1.901912e+03,3.128536e+02,6.337727e+02,2.211691e+01,1.416674e+01,9.785547e-01,1.056226e+00
1.236030e+03,1.658778e+03,5.848280e+02,3.581914e+01,2.503653e+01,1.853812e+00,2.252856e+00
6.295074e+02,9.289600e+02,3.762023e+02,2.335093e+01,1.634631e+01,2.394971e+00,7.739016e-01
3.348147e+02,1.379108e+03,1.422567e+03,2.970484e+01,1.691608e+01,5.703869e-01,2.508200e+00
9.641912e+02,7.456491e+01,4.283254e+02,1.211599e+01,9.221352e+00,7.662394e-01,2.859095e+00
1.087661e+03,1.296738e+03,1.121301e+03,4.066724e+01,2.545117e+01,2.380954e-01,5.166154e-01
1.862098e+03,5.238413e+02,1.216204e+03,2.554554e+01,1.629033e+01,4.092102e-02,2.962744e+00
4.388089e+02,1.821207e+03,1.522508e+02,1.585482e+01,8.860999e+00,2.829747e+00,8.752798e-01
1.317216e+03,2.514777e+02,1.861913e+03,2.409771e+01,1.704591e+01,1.680393e+00,1.987263e+00
7.341552e+02,1.043146e+03,1.762189e+03,4.077504e+01,2.956331e+01,1.426839e-01,1.049267e+00
1.090393e+03,9.610646e+02,4.640905e+02,6.437205e+01,3.686300e+01,1.691927e+00,1.244566e+00
1.840681e+03,9.880072e+02,1.616822e+03,3.365428e+01,2.270034e+01,3.010431e+00,1.162683e+00
1.543807e+03,1.511992e+03,1.652193e+03,3.380133e+01,2.050606e+01,6.486368e-01,2.919486e+00
8.361424e-01,7.194785e+02,9.236892e+02,3.631381e+01,2.643920e+01,1.992540e-02,1.846589e+00
1.686078e+03,1.407420e+03,1.036935e+03,3.351509e+01,2.121795e+01,1.400139e+00,2.850972e+00
1.218211e+03,7.495130e+01,6.808844e+02,3.801639e+01,2.113678e+01,6.704298e-02,5.692396e-01
7.800150e+02,1.553531e+03,3.281598e+02,4.463708e+01,2.531947e+01,9.783957e-01,1.751295e+00
2.505051e+02,2.152542e+02,1.280166e+03,3.136804e+01,2.093618e+01,1.361693e+00,1.421672e+00
1.801609e+03,1.236672e+03,1.527038e+03,1.801308e+01,1.169752e+01,1.468256e+00,2.176834e+00
8.085130e+02,2.488473e+02,1.768940e+03,3.295122e+01,2.319025e+01,9.437530e-01,7.023570e-01
6.178488e+02,1.046429e+03,1.879762e+03,2.556877e+01,1.552941e+01,2.507251e+00,6.329791e-01
2.072220e+01,1.969554e+03,1.171210e+03,5.134067e+01,3.617334e+01,8.193336e-01,3.924361e-01
1.854415e+03,1.406364e+03,1.738806e+03,3.377623e+01,1.974905e+01,1.511249e+00,2.501866e+00
5.406240e+02,8.971470e+02,5.363213e+02,6.735562e+01,3.709839e+01,5.117177e-01,6.351599e-01
1.806376e+03,6.157789e+02,1.126623e+03,3.908138e+01,2.283666e+01,2.943005e+00,2.863505e+00
1.717472e+03,1.324498e+03,1.268257e+03,5.347997e+01,3.158704e+01,5.457787e-02,1.260665e+00
1.722551e+03,4.301203e+02,1.587894e+03,1.130716e+01,6.774520e+00,3.344996e-01,3.117992e-01
1.110477e+03,8.656907e+02,1.265823e+03,4.041872e+01,2.166932e+01,6.238668e-01,1.447486e+00
1.727005e+03,1.894315e+03,1.233325e+03,4.369913e+01,2.585692e+01,8.766456e-01,2.130414e+00
3.526772e+02,1.235123e+03,8.424932e+02,3.239760e+01,2.185301e+01,2.859130e-01,1.140525e+00
1.925198e+03,8.674680e+02,1.195411e+03,3.914851e+01,2.403159e+01,3.033782e+00,1.564851e+00
1.069801e+03,1.981917e+03,1.685437e+03,5.102902e+01,2.941162e+01,2.692418e+00,2.828640e+00
1.362193e+03,5.305441e+02,1.814800e+03,2.831695e+01,2.044305e+01,2.708271e-01,8.847635e-02
1.589324e+03,1.881526e+03,3.176580e+00,5.577271e+01,3.016055e+01,1.603670e+00,8.429758e-01
1.048179e+03,1.828816e+03,5.754345e+02,3.714685e+01,2.179049e+01,2.287349e+00,2.200756e+00
1.104461e+03,1.418810e+03,9.191314e+01,2.308077e+01,1.413725e+01,2.953670e-01,1.114638e+00
1.505276e+03,1.354124e+03,1.972522e+03,1.674489e+01,1.351859e+01,3.017353e+00,2.660474e+00
7.237974e+02,3.295558e+02,1.772427e+03,1.734969e+01,8.981551e+00,2.353777e+00,1.876950e+00
1.193454e+03,1.790725e+03,5.423590e+02,5.063622e+01,3.071060e+01,2.541175e+00,2.944658e+00
1.085195e+03,1.445515e+03,1.741196e+03,5.564147e+01,3.627335e+01,1.097463e+00,2.804855e+00
8.372384e+02,1.035370e+02,8.829703e+02,1.932894e+01,1.435460e+01,1.399233e+00,2.291866e+00
1.532275e+03,1.811371e+03,8.949205e+02,3.322448e+01,2.064068e+01,1.072497e+00,6.893054e-01
1.136615e+03,1.882726e+03,1.364762e+03,2.598843e+01,1.731715e+01,2.046545e+00,2.089573e+00
1.916085e+03,1.203186e+01,1.029610e+03,2.885651e+01,1.555127e+01,2.653882e+00,2.459733e+00
2.813614e+02,1.583693e+03,6.080606e+02,1.166884e+01,7.304165e+00,1.737826e+00,1.997931e+00
7.829282e+02,1.793017e+03,1.426316e+03,4.255666e+01,2.618023e+01,1.092398e+00,2.870888e-01
1.434558e+02,1.431214e+03,1.690094e+03,2.545681e+01,1.455600e+01,9.508147e-01,6.755102e-01
1.451692e+03,5.747986e+02,1.359437e+03,3.752055e+01,2.113232e+01,1.883823e+00,1.567390e+00
1.713471e+02,1.045694e+03,1.497407e+03,2.071366e+01,1.299555e+01,1.499509e+00,6.847432e-01
5.869502e+02,1.677066e+03,6.166534e+02,4.018094e+01,2.763804e+01,2.581160e+00,2.902667e-01
2.402427e+02,1.986713e+02,1.405469e+03,3.745602e+01,2.413023e+01,3.023729e+00,8.510557e-01
4.653558e+02,1.651532e+02,1.644236e+03,4.585604e+01,2.413098e+01,2.666028e+00,1.424846e+00
1.499188e+03,1.463427e+03,1.687447e+03,4.601461e+01,3.065879e+01,4.241929e-01,1.993532e+00
1.594686e+03,1.995670e+03,2.183890e+02,3.146834e+01,1.661996e+01,2.906085e-01,1.197899e+00
8.519890e+02,7.253342e+01,1.145222e+03,3.089237e+01,1.922570e+01,2.098996e+00,3.048627e+00
8.700536e+02,1.691168e+03,1.710255e+03,4.007813e+01,2.454119e+01,1.047723e+00,6.988292e-01
8.115443e+02,6.340064e+02,9.737776e+00,1.883058e+01,1.420396e+01,7.334129e-01,1.373361e+00
7.275790e+02,6.132367e+02,1.339951e+03,3.341139e+01,1.989069e+01,6.134407e-01,2.256107e+00
2.313553e+02,7.389607e+02,3.223215e+02,3.109508e+01,1.894107e+01,2.983802e+00,1.571202e+00
6.264105e+02,1.285793e+03,4.139570e+02,5.335123e+01,3.942743e+01,6.705745e-01,2.344019e+00
7.253450e+02,1.606600e+03,1.776839e+03,4.100072e+01,3.244644e+01,3.924626e-02,1.040795e+00
1.560317e+03,1.167794e+03,2.876723e+02,3.191516e+01,1.988870e+01,2.870627e-01,1.605674e-01
1.228601e+03,6.708346e+02,6.086958e+02,4.159057e+01,2.482698e+01,3.042124e+00,2.123137e+00
1.118734e+03,1.641139e+03,1.173911e+03,4.506213e+01,2.813954e+01,1.356106e+00,1.328261e+00
1.229789e+03,2.234841e+02,1.229903e+03,3.213608e+01,1.997505e+01,1.827452e+00,2.382977e-01
2.352186e+02,1.515512e+03,6.959289e+01,4.784716e+01,2.899184e+01,1.211919e-01,1.227123e+00
1.692670e+03,1.774638e+03,2.294693e+01,5.470191e+01,3.487479e+01,3.117033e+00,7.630359e-01
6.866684e+02,1.953382e+03,4.876716e+02,3.984837e+01,2.777029e+01,2.143500e+00,2.878733e+00
1.680557e+03,8.530822e+02,1.991483e+03,2.558116e+01,1.535754e+01,3.812880e-01,1.228155e-01
1.559421e+03,9.432298e+02,1.214753e+03,4.637676e+01,3.146827e+01,2.605271e+00,1.410188e+00
6.865599e+01,1.775232e+03,9.114487e+02,2.676619e+01,1.670887e+01,1.256810e+00,8.683914e-01
7.061106e+02,9.023562e+02,1.217343e+03,1.514713e+01,1.161057e+01,3.109989e+00,9.396208e-01
8.844051e+02,8.679890e+01,3.982097e+02,4.731996e+01,2.907092e+01,2.926966e+00,3.214499e-01
4.234351e+02,4.911820e+02,1.857474e+03,3.035337e+01,1.918279e+01,1.532463e+00,1.020407e+00
1.664937e+03,1.438608e+03,3.449855e+02,3.903684e+01,2.628764e+01,3.048617e+00,1.354993e+00
1.746617e+03,8.479147e+02,8.057420e+02,3.859922e+01,2.300539e+01,1.049045e+00,1.468248e+00
1.746111e+02,1.362633e+03,1.568382e+03,3.469068e+01,2.101966e+01,8.869798e-01,2.591260e-01
9.667666e+01,9.223162e+02,5.874136e+02,2.235638e+01,1.293981e+01,2.543309e+00,2.397149e+00
2.886670e+02,1.287617e+03,1.888361e+03,3.539655e+01,2.218461e+01,7.449593e-01,2.696100e+00
7.418695e+02,1.920606e+03,1.071093e+02,4.054933e+01,2.105427e+01,1.237941e+00,1.356477e+00
3.068870e+02,1.003653e+03,1.878246e+03,2.061451e+01,1.561350e+01,2.430943e-01,1.057876e+00
2.223487e+02,1.296789e+03,1.087090e+03,2.720537e+01,1.615640e+01,5.414282e-01,1.764724e-01
1.016899e+03,1.593518e+02,1.476933e+03,3.248213e+01,2.003280e+01,1.141738e-01,2.531260e+00
1.085350e+03,1.355186e+02,4.916503e+01,3.972964e+01,2.608807e+01,1.422446e+00,5.360589e-01
1.957693e+03,1.101525e+03,1.414084e+03,3.847140e+01,2.373778e+01,1.485802e+00,1.413311e+00
3.138943e+02,5.595440e+02,1.735411e+03,3.422816e+01,2.176992e+01,1.477125e-01,1.847213e-01
1.360998e+03,1.935307e+02,4.920469e+02,2.320834e+01,1.603816e+01,3.803495e-01,2.978268e+00
1.287877e+03,1.395951e+03,8.509382e+02,1.591200e+01,8.757577e+00,1.176751e+00,2.907165e+00
3.602538e+02,1.031833e+03,1.575418e+02,3.413847e+01,1.664351e+01,3.040707e+00,1.095865e-01
1.690989e+03,1.351654e+03,8.197682e+01,3.427566e+01,2.048835e+01,1.890251e+00,1.075601e+00
7.939466e+02,1.823769e+01,6.859785e+02,1.386843e+01,1.000904e+01,2.411208e+00,1.895923e+00
6.045088e+02,1.537065e+03,1.609007e+03,3.498266e+01,1.899734e+01,3.829874e-01,1.948146e+00
1.943269e+03,1.094448e+03,3.961836e+02,1.771216e+01,1.028834e+01,1.961457e-01,8.182445e-01
4.455176e+02,9.410975e+02,3.977939e+02,6.515082e+01,3.785790e+01,3.016894e+00,2.787800e+00
5.911227e+02,8.982724e+02,5.934071e+02,4.048648e+01,2.740306e+01,1.766312e+00,3.452797e-02
1.964777e+03,1.939673e+03,5.007337e+02,3.412311e+01,2.404830e+01,1.323655e+00,1.842570e+00
1.390018e+03,6.639788e+02,9.365963e+02,2.779727e+01,1.651995e+01,2.862931e-01,2.961785e+00
2.280049e+02,1.797744e+03,4.044781e+02,5.093986e+01,3.084235e+01,2.668155e+00,2.817904e+00
1.734186e+03,1.762519e+02,6.244247e+02,3.970456e+01,2.103617e+01,8.706004e-01,1.346658e+00
6.223434e+02,1.409489e+03,3.922605e+02,4.010882e+01,2.357750e+01,2.990077e+00,9.222105e-01
3.842080e+02,1.778086e+02,1.940226e+03,4.772903e+01,2.929396e+01,1.097430e-01,1.434583e+00
1.726265e+03,1.545229e+03,1.211581e+03,4.011933e+01,2.583266e+01,2.719785e+00,2.227399e+00
5.637251e+02,1.248156e+03,1.936463e+03,2.566761e+01,1.640507e+01,2.620518e+00,3.523172e-01
6.949155e+02,4.339639e+02,1.696460e+03,3.137281e+01,2.079803e+01,1.024896e+00,1.747852e+00
1.001057e+03,2.743970e+02,1.207905e+03,2.346106e+01,1.572919e+01,6.830882e-01,2.534232e+00
7.060447e+02,1.208629e+02,1.800236e+03,4.127468e+01,2.402423e+01,2.674550e+00,2.129464e+00
1.898342e+02,1.519191e+03,3.786205e+02,2.123980e+01,1.252147e+01,1.369701e+00,9.081009e-02
6.402858e+02,1.246411e+03,1.844835e+02,2.287448e+01,1.405099e+01,7.353025e-01,2.712396e+00
3.525032e+02,2.213865e+02,2.956415e+02,6.260592e+01,3.726063e+01,1.818939e+00,1.429998e+00
5.615718e+01,2.959707e+02,1.095549e+03,3.841647e+01,2.176685e+01,1.206613e+00,9.376343e-01
1.453423e+03,4.679596e+02,6.133647e+02,3.628720e+01,2.305799e+01,3.141125e+00,6.558159e-01
1.687953e+03,3.765655e+02,1.836652e+03,1.895051e+01,1.533879e+01,7.952151e-01,2.391253e+00
8.030414e+02,1.811251e+02,1.675164e+03,4.095826e+01,2.403040e+01,2.129550e+00,2.880779e+00
9.018386e+02,1.940560e+03,1.611803e+03,3.220604e+01,2.223531e+01,1.622149e+00,1.802773e+00
2.799320e+02,1.455211e+03,1.171555e+03,2.633189e+01,1.527948e+01,2.969763e+00,2.552360e+00
1.812211e+01,2.575903e+02,7.748129e+02,5.766646e+01,3.220569e+01,6.399533e-01,1.523313e+00
6.019468e+02,2.318887e+02,8.058623e+02,2.858360e+01,1.862134e+01,2.202201e+00,1.795546e+00
1.139882e+03,1.655341e+02,1.707718e+03,4.259002e+01,2.493306e+01,1.421299e+00,2.479915e+00
1.576590e+03,1.988459e+03,1.346736e+03,3.873092e+01,3.117690e+01,1.684001e+00,5.932611e-02
4.151488e+01,9.837777e+02,1.977867e+02,4.142915e+01,2.742768e+01,9.942022e-01,2.312052e+00
5.856383e+02,2.670326e+02,1.358866e+03,5.656544e+01,3.296576e+01,6.559093e-01,1.123415e+00
1.717665e+03,1.149533e+03,9.405520e+02,4.562044e+01,2.372029e+01,6.843293e-01,1.587598e+00
1.919037e+03,5.087465e+02,4.714889e+02,4.462248e+01,2.584427e+01,2.329952e+00,1.933158e+00
1.058333e+03,1.756553e+03,1.291387e+02,6.640493e+01,4.052706e+01,3.116865e-01,1.687243e+00
9.038212e+02,9.439467e+02,1.915766e+03,3.377213e+01,1.975850e+01,1.019693e+00,7.793521e-01
5.624814e+02,1.693492e+03,8.351038e+02,1.496684e+01,9.825210e+00,1.387247e+00,2.045905e-01
4.843790e+02,1.821973e+02,5.688427e+02,3.699313e+01,2.230830e+01,1.074611e+00,2.433095e+00
1.167468e+01,5.477320e+02,1.148963e+03,2.682458e+01,1.600402e+01,2.148279e+00,1.631235e+00
1.773663e+03,3.861481e+02,6.181215e+02,5.594184e+01,3.532800e+01,1.969669e+00,7.272173e-01
7.738652e+01,1.967213e+01,1.888970e+03,4.179947e+01,2.528749e+01,2.348997e+00,3.014122e+00
2.714308e+02,1.323738e+03,1.906003e+03,2.971434e+01,1.994949e+01,2.846035e+00,1.165632e-01
1.639385e+03,4.145613e+01,1.885403e+03,3.946864e+01,2.381396e+01,3.053762e+00,1.230051e+00
1.446140e+03,1.287914e+03,1.189850e+03,4.541743e+01,3.198962e+01,1.715524e+00,8.534603e-02
1.690508e+03,7.431859e+02,1.850518e+03,4.215813e+01,2.904983e+01,1.783697e+00,5.505780e-01
1.282310e+03,1.469671e+03,6.411048e+02,2.940704e+01,2.042375e+01,2.421026e-01,1.496746e+00
1.857281e+03,1.267931e+03,3.834228e+02,3.894403e+01,2.276365e+01,1.715126e+00,2.969837e+00
1.675591e+03,1.861247e+03,1.236435e+03,2.099466e+01,1.585392e+01,2.940761e+00,1.283631e+00
6.847023e+02,6.694162e+02,3.458030e+02,3.240397e+01,2.178287e+01,1.492592e+00,2.404667e+00
1.870779e+03,1.185327e+03,1.364760e+03,4.073737e+01,2.078111e+01,9.092417e-01,2.035859e+00
1.028669e+03,1.402650e+03,1.977598e+03,6.764619e+01,3.783605e+01,2.714796e-01,1.312992e+00
1.980606e+03,1.172822e+02,9.245773e+02,2.993943e+01,1.752364e+01,2.365835e+00,2.301045e+00
1.156612e+02,6.304353e+02,1.350935e+03,2.056333e+01,1.377237e+01,1.053568e+00,5.309991e-01
1.420447e+03,6.570130e+02,7.096678e+02,2.617031e+01,1.680951e+01,2.113575e+00,1.013017e+00
5.237464e+02,4.150424e+02,1.870597e+03,2.230587e+01,1.577864e+01,1.081334e+00,1.345862e+00
1.243944e+03,1.077405e+03,2.059404e+02,4.249857e+01,2.338742e+01,4.552180e-01,1.316434e+00
7.989601e+02,1.761942e+03,1.141505e+03,5.007281e+01,3.013017e+01,9.504052e-01,1.163579e+00
7.049924e+02,1.884418e+03,1.544969e+03,1.925089e+01,1.141206e+01,4.742649e-02,1.759431e+00
1.686577e+03,6.917145e+02,3.902475e+02,2.055956e+01,1.452955e+01,1.474380e+00,2.446127e+00
1.782466e+03,1.526456e+03,6.641363e+02,4.693338e+01,2.665773e+01,1.233295e+00,1.080595e-01
1.717875e+03,8.778917e+02,2.112565e+02,4.660330e+01,3.119883e+01,1.899961e+00,2.572915e+00
4.408997e+01,1.503488e+03,1.221552e+03,5.164450e+01,3.783335e+01,1.654682e+00,3.818683e-01
2.835818e+02,2.059201e+02,4.654005e+02,2.717054e+01,1.665187e+01,1.272206e+00,2.730072e+00
1.595679e+03,1.420167e+03,1.107578e+03,1.647062e+01,9.238248e+00,1.189884e-01,3.001881e+00
7.145255e+02,1.944973e+03,2.974145e+02,2.891491e+01,1.968316e+01,3.491080e-01,3.258649e-01
8.734685e+02,1.472782e+03,1.953651e+03,3.025551e+01,1.812975e+01,1.207922e+00,1.255383e+00
8.714244e+02,1.683571e+03,1.352428e+03,3.334973e+01,2.195205e+01,1.090546e+00,1.948781e+00
1.399748e+03,3.773199e+00,4.196227e+02,3.543380e+01,2.059479e+01,2.487916e+00,1.282244e+00
8.261780e+02,3.744653e+00,2.324011e+02,2.060775e+01,1.537665e+01,1.388895e+00,1.168464e+00
1.999887e+03,9.719195e+02,1.141236e+03,2.092532e+01,1.351669e+01,9.167617e-01,2.856127e+00
1.088996e+03,1.864784e+03,1.527858e+03,1.532922e+01,9.953141e+00,2.586301e+00,5.319241e-01
1.941244e+03,3.088132e+02,7.842202e+02,3.662038e+01,2.025110e+01,2.186601e+00,6.398402e-01
6.257663e+02,1.241791e+03,1.553920e+03,5.129650e+01,3.515801e+01,1.659265e-01,2.451436e+00
7.798386e+02,1.440838e+03,1.353937e+03,2.838851e+01,1.897760e+01,2.722036e+00,2.650921e+00
2.005886e+02,1.101552e+03,1.206277e+03,4.883474e+01,3.707490e+01,2.297528e+00,2.070693e+00
1.925684e+03,2.432126e+02,1.162726e+03,2.547745e+01,1.630855e+01,2.390072e+00,9.202209e-01
5.600432e+02,6.098024e+02,3.827121e+02,2.305334e+01,1.489979e+01,1.691515e+00,2.349947e+00
3.440677e+02,6.701646e+02,1.568289e+03,4.857806e+01,2.947091e+01,2.047846e+00,1.562728e+00
1.224253e+03,1.164582e+03,1.402552e+01,1.562337e+01,8.634935e+00,2.488529e+00,3.536205e-01
1.144758e+02,1.245129e+03,8.600989e+02,3.668998e+01,2.082011e+01,2.901546e+00,1.651478e+00
8.762227e+01,1.517629e+03,6.738702e+01,1.830215e+01,1.095793e+01,2.848063e+00,2.106070e+00
1.110864e+03,5.415709e+02,1.651503e+03,2.886380e+01,1.764404e+01,2.600611e+00,2.871187e+00
1.845026e+03,1.803664e+03,4.605906e+02,2.593560e+01,1.718206e+01,3.074846e+00,2.067700e+00
1.763925e+03,7.052434e+02,1.737387e+03,4.739511e+01,2.633343e+01,2.181317e+00,8.776865e-01
1.289646e+03,2.685934e+02,5.636445e+02,2.711103e+01,1.570358e+01,3.026841e+00,1.705988e-01
5.286494e+02,1.959950e+03,4.857260e+02,2.004264e+01,1.334968e+01,2.257855e+00,2.248003e+00
1.391954e+02,9.749474e+01,1.686045e+03,3.942011e+01,2.499258e+01,2.520238e+00,1.899373e+00
1.981233e+03,5.568294e+02,7.747543e+02,3.007316e+01,2.075864e+01,1.985780e+00,2.182551e+00
7.285775e+02,8.621233e+02,1.794859e+02,1.713687e+01,1.121190e+01,1.085954e+00,2.443396e-01
1.417643e+03,2.264724e+02,1.982959e+03,3.907077e+01,2.394285e+01,1.543794e+00,2.239784e+00
6.581534e+02,1.315417e+02,4.300098e+02,3.451155e+01,2.096712e+01,5.011240e-01,5.943013e-02
8.664379e+02,9.504116e+02,6.193702e+02,1.408239e+01,8.657557e+00,1.436750e+00,2.574225e+00
7.139507e+02,1.736827e+03,1.185135e+03,4.433446e+01,2.940070e+01,5.475070e-01,2.588684e+00
7.590291e+02,1.829135e+03,5.915673e+02,3.428985e+01,1.982401e+01,1.175991e+00,1.540065e+00
9.015729e+02,6.610048e+02,1.409729e+03,3.796989e+01,2.292438e+01,1.213844e+00,2.996270e+00
1.452983e+03,1.005735e+03,1.348570e+03,1.185307e+01,8.213690e+00,1.925591e+00,1.004758e+00
3.352761e+02,3.926181e+02,7.018549e+02,2.259355e+01,1.607040e+01,1.241573e-02,4.385227e-01
3.746001e+02,1.381732e+03,5.194356e+02,2.845742e+01,1.751560e+01,1.770395e+00,2.697030e+00
1.702822e+03,1.111322e+03,1.139275e+03,3.246498e+01,2.463765e+01,1.108255e+00,2.040196e+00
7.562551e+02,1.349402e+03,1.714745e+03,2.259022e+01,1.528586e+01,2.172391e+00,5.470312e-01
8.922292e+02,2.402302e+02,1.727710e+03,3.708766e+01,2.249304e+01,8.508952e-01,7.697490e-01
1.172699e+03,2.461174e+02,9.062866e+02,2.606449e+01,1.797369e+01,8.666474e-01,2.482860e+00
1.860275e+03,1.731159e+03,1.387323e+03,4.521750e+01,3.201735e+01,1.776258e+00,8.122670e-01
6.300643e+02,5.422533e+02,1.279984e+03,2.211758e+01,1.405683e+01,2.648095e+00,1.781842e+00
1.114085e+03,4.166993e+02,6.135213e+02,3.217131e+01,2.049266e+01,2.431506e+00,2.638101e+00
1.877938e+03,1.987787e+03,8.261298e+02,1.623233e+01,1.029006e+01,1.661889e+00,2.834964e+00
4.894945e+02,5.320915e+02,1.386390e+03,3.164091e+01,1.743671e+01,2.499289e+00,8.834602e-01
9.943982e+02,2.237119e+02,6.412725e+02,3.331154e+01,2.480122e+01,2.647161e+00,2.912268e+00
1.907458e+03,6.782941e+02,1.236427e+03,4.866853e+01,3.275618e+01,3.131076e+00,8.832366e-01
1.261119e+03,1.732798e+03,1.621213e+03,3.707006e+01,2.036114e+01,1.685890e+00,1.581750e+00
3.340078e+02,1.620334e+03,2.893886e+02,5.057528e+01,2.689482e+01,1.996391e+00,2.477701e+00
1.171488e+02,3.323362e+02,1.873685e+03,3.670883e+01,2.360960e+01,2.771249e+00,2.213872e-01
9.534931e+02,1.402279e+03,1.645656e+03,2.921254e+01,2.024248e+01,1.133581e-01,2.766199e+00
8.953606e+02,7.796455e+02,1.536734e+03,2.793846e+01,1.774278e+01,2.125890e+00,3.001599e+00
1.037832e+03,9.247049e+01,1.790417e+03,3.660075e+01,2.303402e+01,1.801607e-01,1.127546e+00
1.984936e+03,3.070028e+02,1.516384e+03,3.289603e+01,2.045044e+01,2.729524e-01,3.139626e+00
1.908026e+03,1.752863e+02,1.774983e+03,1.938661e+01,1.269511e+01,4.829988e-01,1.882427e+00
1.793721e+03,1.439280e+03,1.796907e+03,2.614064e+01,1.556574e+01,2.481239e+00,9.721382e-01
1.832920e+03,6.171217e+02,5.004755e+02,2.446670e+01,1.353201e+01,2.982951e+00,2.168659e+00
1.722200e+03,1.444225e+03,1.648639e+03,1.115770e+01,6.733294e+00,1.562055e+00,7.894692e-01
7.806539e+02,1.772111e+02,4.821511e+02,3.370978e+01,2.053856e+01,8.143012e-01,1.366213e+00
3.865616e+01,2.681571e+02,2.444013e+01,3.507477e+01,2.209738e+01,3.116408e+00,2.185752e-01
8.203944e+02,5.399663e+02,2.069889e+02,5.886529e+01,4.504599e+01,1.285617e-02,1.515822e-01
1.294213e+03,1.385807e+03,7.165155e+02,5.202420e+01,3.206822e+01,1.507996e+00,7.132180e-01
8.371345e+02,5.839992e+02,1.977014e+03,2.689821e+01,1.708722e+01,2.111677e+00,2.888686e+00
8.355910e+02,6.876439e+02,1.619654e+03,2.581916e+01,1.656736e+01,1.231381e+00,1.057572e+00
1.967651e+03,7.348229e+02,1.606884e+03,3.252075e+01,1.958234e+01,6.892126e-01,1.923240e+00
7.040836e+02,6.640619e+02,1.948155e+03,3.759420e+01,2.514938e+01,2.000015e+00,9.931076e-01
5.781681e+02,1.870793e+03,1.912766e+03,2.477955e+01,1.512836e+01,2.074274e+00,2.313185e+00
1.498820e+03,4.197972e+02,8.710319e+02,3.567584e+01,2.342595e+01,1.932451e+00,1.503239e+00
1.300994e+03,1.875590e+03,5.491022e+02,3.806646e+01,2.218669e+01,1.993269e-01,1.494915e+00
1.062507e+03,1.602074e+03,9.597626e+02,3.281596e+01,2.173541e+01,2.489754e+00,1.821446e+00
2.673831e+02,1.699328e+03,5.562782e+02,4.899986e+01,3.497075e+01,1.813217e+00,5.432123e-01
6.380282e+02,8.160516e+02,3.633560e+02,5.528817e+01,3.062897e+01,4.292299e-01,2.576653e+00
8.228955e+02,3.844592e+02,1.492263e+03,3.007424e+01,1.865839e+01,3.125416e+00,3.750870e-01
1.005909e+03,4.333812e+02,1.889734e+03,1.476338e+01,8.530072e+00,5.627140e-01,2.765417e-01
6.849788e+01,1.884818e+03,1.378338e+03,6.547009e+01,3.780374e+01,2.664386e+00,4.345666e-01
1.267502e+03,1.807046e+03,9.837383e+02,1.586642e+01,1.043777e+01,2.416931e+00,9.689241e-01
7.820924e+01,1.899159e+03,1.393762e+03,2.732675e+01,2.029614e+01,9.269403e-01,2.818574e+00
1.836593e+02,5.021529e+02,3.002226e+01,1.407230e+01,1.066122e+01,7.519294e-01,2.861569e+00
1.416940e+02,1.584260e+03,1.443616e+03,2.266759e+01,1.674586e+01,8.187337e-02,2.350216e+00
1.648181e+01,1.531367e+03,8.896745e+02,3.138746e+01,2.163092e+01,1.475354e-01,2.057207e+00
9.703964e+01,1.875996e+03,1.632394e+03,3.531904e+01,1.998913e+01,2.522566e+00,3.919349e-01
3.885429e+02,7.563169e+02,1.352914e+03,2.736959e+01,1.534426e+01,7.379305e-01,8.288465e-01
1.951748e+03,3.094210e+02,2.541420e+02,2.204308e+01,1.101700e+01,8.672312e-01,1.379359e-01
7.757259e+02,1.327532e+03,4.049756e+01,2.566109e+01,1.799731e+01,1.748246e+00,1.139332e+00
2.771375e+02,6.072118e+02,1.936653e+03,2.745576e+01,1.691615e+01,1.894974e-01,7.474232e-01
1.258230e+01,1.599345e+03,1.553708e+03,3.032989e+01,1.758181e+01,6.023480e-01,2.885263e+00
1.726703e+02,1.504098e+03,7.125008e+02,3.964560e+01,2.504435e+01,2.629826e+00,1.439489e+00
6.249069e+02,6.649216e+02,1.381405e+03,2.631848e+01,1.642315e+01,1.543190e+00,1.513265e+00
1.005844e+03,1.456337e+03,1.877147e+03,3.129531e+01,1.788719e+01,3.007104e+00,2.460829e+00
8.367811e+02,1.802180e+03,1.724940e+03,3.861070e+01,2.809407e+01,6.616137e-02,4.362385e-01
1.341570e+03,1.846123e+03,1.210181e+03,2.633268e+01,1.522798e+01,3.042474e+00,2.991520e+00
9.416537e+02,1.313349e+03,1.362297e+03,2.512094e+01,1.679621e+01,1.753970e+00,1.539634e+00
1.109151e+03,1.527702e+02,1.990217e+02,4.038036e+01,2.731791e+01,1.434135e-01,1.222366e+00
1.861338e+03,1.753721e+03,1.403577e+03,6.620065e+01,3.851603e+01,1.868653e+00,1.411146e+00
8.363926e+02,1.892599e+03,1.701191e+02,1.541398e+01,9.641917e+00,2.684851e+00,1.257725e+00
1.422607e+03,1.090539e+02,6.712621e+02,3.106947e+01,1.847810e+01,4.979090e-01,3.117771e+00
5.197476e+02,5.974623e+02,1.083378e+03,3.509502e+01,2.181359e+01,1.475556e+00,3.044656e-01
1.467655e+03,5.148299e+02,1.810433e+03,1.968274e+01,1.390465e+01,1.096029e+00,1.740300e+00
4.945665e+02,2.530957e+02,7.232243e+01,4.710081e+01,3.336514e+01,8.226425e-01,1.400751e+00
1.328292e+03,7.709067e+02,5.674313e+02,2.634798e+01,1.627663e+01,2.012016e+00,1.015351e-02
5.804843e+02,8.660850e+02,6.927511e+02,2.492247e+01,1.509887e+01,1.513225e+00,5.872874e-01
1.928957e+03,3.641532e+02,4.588927e+02,5.219365e+01,3.289426e+01,2.554760e+00,1.619104e+00
1.481797e+03,1.340742e+03,1.145876e+02,4.008108e+01,2.312826e+01,2.997163e-01,3.088913e+00
1.419728e+03,3.773703e+02,9.034694e+02,4.193584e+01,2.835604e+01,9.939395e-01,2.666382e+00
1.068398e+03,2.738472e+02,4.065426e+02,3.109617e+01,1.715863e+01,4.334883e-02,1.718885e+00
1.235410e+03,2.009128e+02,8.853876e+02,1.720131e+01,1.038307e+01,1.108158e+00,2.132781e+00
1.582698e+03,8.015501e+02,5.795405e+01,4.005794e+01,2.359740e+01,2.254193e-01,1.193391e+00
1.980800e+03,3.036477e+02,8.672124e+02,5.992155e+01,3.782744e+01,2.200246e+00,6.994205e-01
1.895219e+03,2.802500e+01,1.763332e+03,3.113285e+01,2.051438e+01,1.195588e+00,2.749135e+00
1.935946e+03,7.389931e+02,9.604420e+02,5.680603e+01,3.335161e+01,6.666815e-02,3.979771e-01
3.710414e+02,1.891384e+02,1.117657e+03,3.400702e+01,2.544002e+01,2.712066e+00,1.043446e+00
1.685528e+03,1.599506e+03,3.802465e+02,3.050028e+01,1.874192e+01,1.276502e+00,2.330422e+00
9.175949e+02,1.514607e+03,1.522978e+03,3.125771e+01,1.929180e+01,1.839237e+00,2.539846e+00
1.854137e+03,1.521579e+03,5.834811e+02,3.330134e+01,2.206370e+01,1.076976e-01,2.279461e+00
1.282497e+03,1.213789e+03,1.513845e+03,4.700420e+01,3.297310e+01,4.184235e-01,1.000957e+00
1.505417e+03,1.656913e+03,1.508896e+03,3.057566e+01,1.995504e+01,2.102631e+00,1.595241e-01
1.883113e+03,3.843967e+02,1.446055e+02,4.003351e+01,2.459673e+01,2.064721e+00,1.415335e+00
4.693324e+02,7.942870e+02,6.761930e+02,3.762414e+01,2.163889e+01,1.011342e+00,3.117908e+00
8.522952e+02,1.904698e+03,1.383162e+03,3.490536e+01,1.745195e+01,1.121195e+00,1.810483e+00
1.994186e+02,1.625086e+03,5.802808e+02,6.125003e+01,3.243208e+01,5.364677e-01,1.535528e+00
1.037707e+03,4.983427e+02,1.030105e+03,3.375113e+01,2.319266e+01,1.067102e+00,2.465273e+00
1.732489e+03,1.427280e+03,1.640052e+03,2.810410e+01,1.663409e+01,1.313450e+00,2.881421e+00
1.359733e+03,1.287953e+02,4.065497e+00,2.118084e+01,1.255248e+01,2.323861e+00,3.101337e+00
1.361079e+03,5.165388e+02,1.156831e+03,2.759871e+01,2.340064e+01,1.828412e-01,1.890468e-01
3.067854e+02,5.525718e+02,1.959588e+03,3.004729e+01,2.237246e+01,7.001339e-02,2.497037e+00
1.247009e+03,1.786339e+03,2.754726e+02,4.088428e+01,2.616114e+01,1.752634e+00,2.896161e+00
4.505542e+02,5.151166e+02,1.024289e+03,5.387665e+01,3.622823e+01,2.811657e+00,1.880308e+00
1.944724e+03,8.994835e+02,7.604555e+02,2.154793e+01,1.783192e+01,2.204991e+00,2.631503e+00
1.679524e+03,1.509061e+03,1.946727e+03,4.161303e+01,2.702813e+01,4.728001e-01,4.214761e-03
1.142597e+03,7.180887e+02,1.638144e+03,3.874090e+01,2.422654e+01,2.492290e+00,1.706773e+00
3.391579e+02,7.107585e+02,2.371892e+02,3.810357e+01,2.126491e+01,2.588754e-01,2.859127e+00
1.734344e+03,1.404003e+03,8.829332e+02,2.474719e+01,1.507437e+01,2.067848e+00,9.763419e-01
9.017972e+02,1.691159e+03,4.002127e+01,3.484736e+01,2.244547e+01,2.962716e-01,2.211840e+00
1.037411e+03,1.696589e+03,1.722251e+03,3.933820e+01,2.597084e+01,1.659191e+00,2.928361e+00
1.473861e+03,1.465740e+03,4.868348e+01,2.762790e+01,1.755010e+01,8.879041e-01,1.740550e+00
1.216966e+03,1.550585e+03,1.240478e+03,2.366675e+01,1.421226e+01,5.670072e-01,2.093494e+00
6.615478e+02,1.153520e+03,6.649013e+02,3.992301e+01,2.311965e+01,2.986654e+00,1.023444e+00
1.253100e+03,1.642514e+03,1.312076e+03,3.928412e+01,2.485860e+01,8.458899e-02,2.665762e+00
2.243331e+02,1.960826e+03,1.042255e+03,3.060615e+01,2.121888e+01,6.514534e-01,4.587532e-01
1.306696e+03,5.729101e+02,4.292969e+01,2.670203e+01,1.743820e+01,1.169856e+00,2.616661e+00
5.798965e+02,1.533331e+03,1.264853e+03,4.743318e+01,2.494975e+01,6.904931e-01,4.344237e-01
1.379181e+03,1.675998e+03,1.680684e+03,2.956789e+01,1.796994e+01,2.480810e+00,7.951314e-01
1.734199e+03,3.419487e+02,1.980185e+03,2.750448e+01,1.762214e+01,8.035176e-01,3.913308e-01
1.446020e+02,8.725050e+02,1.864244e+03,4.956518e+01,3.167675e+01,2.588619e+00,1.977651e+00
1.649874e+03,3.643535e+02,8.978086e+02,3.246050e+01,1.773663e+01,1.004778e+00,2.169565e+00
1.301818e+03,1.856641e+03,1.126199e+03,4.005236e+01,2.681739e+01,1.843291e+00,5.742744e-01
1.913592e+03,1.346635e+03,1.747150e+03,2.955509e+01,1.972713e+01,2.809625e+00,1.251154e+00
1.160812e+03,1.834253e+03,6.419205e+02,2.734328e+01,1.564571e+01,2.536433e+00,9.158390e-01
1.696801e+03,1.782846e+03,1.711334e+03,4.593987e+01,2.835284e+01,1.818672e+00,2.139804e+00
1.195401e+03,1.344758e+03,1.677828e+03,2.766888e+01,1.704906e+01,2.513279e+00,3.043136e-01
1.910336e+03,5.824172e+02,2.970203e+02,2.306999e+01,1.847202e+01,2.283072e+00,2.569421e+00
1.609472e+03,5.756432e+01,1.398096e+03,1.896234e+01,1.242785e+01,3.021504e+00,1.292875e+00
1.914729e+03,1.159900e+03,1.991700e+03,2.064006e+01,1.361362e+01,3.096874e+00,5.703931e-01
1.710663e+03,1.977437e+03,5.517099e+02,2.239524e+01,1.371328e+01,1.367928e+00,8.667255e-01
1.667712e+03,5.174571e+02,4.755620e+02,2.650775e+01,1.614727e+01,8.329393e-01,1.072594e+00
5.725372e+02,6.996419e+02,3.522816e+02,4.097190e+01,2.745981e+01,1.406112e+00,1.474421e-02
1.212041e+03,1.953275e+03,1.052710e+02,3.658811e+01,2.208795e+01,2.797927e+00,1.172201e+00
1.836927e+03,1.247797e+03,3.872466e+01,4.808549e+01,2.748232e+01,8.035646e-01,1.177072e+00
1.070889e+03,3.919608e+02,1.477959e+03,1.455728e+01,1.042514e+01,6.954039e-01,1.780299e+00
2.703359e+02,3.423346e+02,1.159134e+03,3.501155e+01,2.243473e+01,1.121743e+00,1.701415e-01
2.159398e+02,1.983294e+03,1.757472e+03,1.578497e+01,9.077824e+00,2.666019e-01,4.653759e-01
1.702599e+03,1.767121e+03,1.938583e+03,2.635443e+01,1.570789e+01,2.690494e+00,2.552433e-01
1.116726e+03,1.335774e+03,5.839803e+02,1.717941e+01,1.190721e+01,1.964566e+00,1.325285e+00
8.331332e+02,1.328856e+03,1.328812e+03,2.799637e+01,2.050583e+01,2.621878e+00,2.767669e+00
1.114373e+03,1.477129e+03,1.924115e+03,3.256867e+01,2.007548e+01,1.908452e+00,1.580628e-01
5.098756e+02,1.204537e+03,1.027362e+03,4.970722e+01,2.954696e+01,1.411133e+00,9.013424e-02
8.492633e+02,2.603449e+02,1.977263e+03,6.100827e+01,3.994895e+01,1.543123e+00,6.853297e-01
4.435508e+02,1.664381e+03,5.033622e+02,3.457289e+01,2.483664e+01,1.863705e+00,1.433967e+00
1.059364e+03,6.223258e+02,1.864422e+03,3.247531e+01,2.008683e+01,1.534424e+00,2.315436e-01
1.641164e+03,7.744303e+02,1.371024e+02,3.337349e+01,2.342447e+01,2.365968e-01,9.767532e-01
3.110732e+01,1.178211e+03,1.273017e+03,3.142284e+01,2.141663e+01,2.190060e+00,1.084500e+00
8.275085e+02,1.109136e+03,2.001981e+01,3.879198e+01,2.485925e+01,6.698404e-02,4.792701e-01
6.804912e+02,9.382958e+02,1.851488e+02,2.777273e+01,2.131222e+01,1.180279e+00,1.781323e+00
3.842309e+02,3.708790e+02,1.959111e+03,1.560768e+01,1.142796e+01,1.412803e+00,1.214479e+00
1.322014e+03,1.493232e+03,1.415656e+03,1.226697e+01,6.780282e+00,3.041818e+00,4.654583e-01
1.140399e+03,2.459764e+02,1.435110e+03,2.008673e+01,1.328165e+01,1.594405e+00,2.414426e+00
1.301542e+03,8.804051e+02,1.369912e+03,1.279144e+01,9.066763e+00,5.778061e-01,1.698373e+00
1.872488e+03,8.317997e+01,1.015461e+03,6.093656e+01,3.709697e+01,2.393678e+00,3.139711e+00
1.230457e+03,7.138533e+02,9.565369e+01,6.006799e+01,4.280106e+01,2.040631e+00,1.618720e+00
1.531597e+03,4.776940e+02,1.166107e+03,4.259580e+01,2.392631e+01,6.525598e-01,2.592399e+00
7.593492e+02,1.148332e+03,1.723207e+03,2.470992e+01,1.383045e+01,1.450120e-01,1.827976e+00
1.746245e+03,1.207841e+03,1.455991e+03,2.817682e+01,1.911286e+01,7.415955e-01,1.370453e+00
3.613148e+01,7.954374e+02,1.041178e+02,4.130708e+01,2.146978e+01,2.798455e+00,2.978688e+00
5.093655e+02,7.808435e+02,3.481236e+02,1.258667e+01,7.608330e+00,1.817409e+00,1.296904e+00
1.537601e+03,1.741584e+03,9.554190e+02,5.670388e+01,3.941669e+01,1.333896e+00,1.703705e+00
8.664161e+02,1.211061e+03,6.710126e+02,4.924517e+01,3.144371e+01,2.466515e+00,1.523460e-01
1.537891e+02,1.001322e+03,6.008814e+02,2.953162e+01,1.743015e+01,1.040222e+00,2.930495e-01
6.816947e+02,5.092340e+02,1.252792e+03,3.562322e+01,2.577721e+01,2.251335e-01,8.747576e-01
8.911889e+02,1.792636e+03,1.852498e+02,2.994224e+01,2.152608e+01,3.030587e+00,2.974150e+00
4.066185e+02,1.612429e+02,7.792429e+02,2.940848e+01,1.620757e+01,8.527096e-01,2.972329e+00
1.105605e+03,1.137624e+03,8.523358e+02,4.347771e+01,2.485807e+01,1.660374e+00,2.651180e-01
9.007236e+02,4.200269e+01,1.715318e+03,4.860004e+01,2.918117e+01,2.661532e-01,1.528547e+00
9.164030e+02,4.815097e+02,3.433137e+02,4.643989e+01,2.813689e+01,1.182760e+00,2.048560e+00
1.147332e+03,8.873341e+02,1.018629e+03,1.937065e+01,1.204262e+01,8.704719e-01,2.076459e+00
1.714522e+03,1.282119e+03,9.848839e+02,5.031079e+01,3.512272e+01,9.073524e-01,2.413482e+00
4.761497e+02,6.092725e+01,1.121248e+03,3.268068e+01,1.900737e+01,9.493725e-01,2.834660e+00
4.568102e+02,1.949042e+03,1.668520e+03,1.209958e+01,9.514967e+00,3.238201e-02,1.336244e+00
1.655795e+03,1.473096e+03,7.306481e+02,2.259354e+01,1.432343e+01,1.858482e+00,2.311732e+00
7.603021e+02,9.030881e+01,1.293457e+03,2.876325e+01,2.350400e+01,2.428283e+00,2.236404e-01
1.819815e+03,1.666192e+03,1.262751e+02,2.200963e+01,1.220958e+01,1.196524e+00,1.838566e+00
4.829858e+02,1.524083e+03,1.764009e+02,2.444333e+01,1.639904e+01,6.320011e-01,9.321904e-01
6.746413e+02,1.133853e+03,2.832233e+01,3.345401e+01,2.036113e+01,1.425795e+00,2.021204e+00
2.577665e+02,1.091171e+02,1.413509e+02,4.891370e+01,2.758580e+01,1.345923e+00,6.033855e-01
6.467928e+02,7.751415e+02,1.555926e+03,3.551568e+01,1.947938e+01,1.676823e+00,2.680918e+00
3.860260e+02,4.516788e+02,1.768149e+03,2.961552e+01,1.594448e+01,1.341826e+00,1.099492e+00
1.365200e+02,5.431231e+02,1.159132e+03,1.679509e+01,1.009215e+01,8.194424e-02,2.948783e-01
1.027755e+03,1.565549e+03,3.512398e+01,3.183938e+01,2.209373e+01,3.472609e-01,2.039508e+00
1.600050e+03,1.984332e+02,1.022569e+03,2.711174e+01,1.799598e+01,7.896162e-01,1.566171e+00
4.851356e+02,1.057642e+03,1.063397e+03,1.177445e+01,6.889031e+00,8.217385e-02,1.265550e+00
4.383692e+02,1.809593e+03,1.601065e+03,3.434245e+01,2.440402e+01,3.149770e-01,1.398541e+00
1.933475e+03,1.941121e+03,1.351108e+03,2.627506e+01,1.631204e+01,9.869114e-01,7.760466e-01
1.460621e+03,8.023109e+02,1.947464e+02,3.759124e+01,1.977204e+01,3.016959e+00,1.898067e+00
1.486254e+03,1.852130e+03,1.488429e+03,2.955757e+01,1.857020e+01,1.685821e+00,1.151551e+00
1.093164e+03,1.161153e+03,1.135691e+03,6.060926e+01,3.390072e+01,1.893180e+00,2.839166e+00
7.084966e+02,1.624843e+02,1.327408e+03,4.979045e+01,2.998452e+01,2.041113e+00,1.407648e+00
1.378469e+03,7.896538e+02,4.531019e+02,4.160974e+01,2.750435e+01,1.508223e+00,1.621859e+00
5.168907e+02,7.979707e+01,4.678669e+02,2.023035e+01,1.276933e+01,2.711882e+00,1.335043e+00
1.723643e+03,1.365613e+03,2.301152e+02,5.664071e+01,3.793521e+01,2.011354e+00,9.555082e-01
1.308120e+03,1.211896e+03,8.605441e+02,3.692733e+01,2.309734e+01,3.132318e+00,6.681291e-01
4.164303e+02,1.318307e+03,1.471120e+03,6.223384e+01,4.062860e+01,2.504045e+00,3.493224e-01
6.281961e+02,1.318124e+03,8.838285e+02,3.940535e+01,2.589125e+01,3.107166e+00,1.892717e+00
1.840462e+03,1.253041e+03,3.448679e+02,2.546501e+01,1.697668e+01,8.418399e-01,2.621932e+00
1.823190e+03,7.893603e+02,1.998435e+03,1.175611e+01,9.027441e+00,4.139655e-01,1.551529e+00
4.808833e+02,1.490519e+02,4.103004e+02,1.989300e+01,1.167368e+01,2.260390e+00,2.538063e+00
3.305420e+02,1.533106e+03,1.995436e+03,5.326426e+01,3.352830e+01,9.615423e-01,5.372585e-01
1.423418e+03,1.112676e+03,1.836425e+03,1.140443e+01,7.592085e+00,1.802197e+00,6.953214e-01
2.635748e+02,1.252618e+03,8.735324e+02,4.091892e+01,2.843510e+01,5.160351e-01,2.561700e+00
1.216063e+03,4.549363e+02,1.193311e+03,3.382070e+01,2.157308e+01,7.923192e-01,1.705823e+00
1.336216e+03,1.895170e+03,5.629567e+02,3.646236e+01,2.263334e+01,1.045069e+00,2.475863e-01
3.286615e+02,4.603004e+02,3.675447e+02,3.331082e+01,2.305348e+01,1.495327e+00,2.680058e+00
1.182712e+03,1.308265e+02,1.493204e+03,6.436980e+01,3.354954e+01,2.073508e+00,8.593231e-01
